*** Noise data with 4 KHz sampling ***

[Node Id] [Sequence No] [RSSI(dBm)] [TimeStamp(us)] [Counter No]

1 1 -92 30425280 1
1 2 -93 30425280 1
1 3 -93 30425280 1
1 4 -93 30425280 1
1 5 -93 30425280 1
1 6 -93 30425280 1
1 7 -93 30425280 1
1 8 -93 30425280 1
1 9 -93 30425280 1
1 10 -93 30425280 1
1 11 -92 30425280 1
1 12 -92 30425280 1
1 13 -93 30425280 1
1 14 -93 30425280 1
1 15 -93 30425280 1
1 16 -93 30425280 1
1 17 -92 30425280 1
1 18 -93 30425280 1
1 19 -92 30425280 1
1 20 -93 30425280 1
1 21 -93 30425280 1
1 22 -92 30425280 1
1 23 -93 30425280 1
1 24 -93 30425280 1
1 25 -93 30425280 1
1 26 -92 30425280 1
1 27 -93 30425280 1
1 28 -93 30425280 1
1 29 -92 30425280 1
1 30 -93 30425280 1
1 31 -92 30425280 1
1 32 -93 30425280 1
1 33 -93 30425280 1
1 34 -93 30425280 1
1 35 -93 30425280 1
1 36 -93 30425280 1
1 37 -93 30425280 1
1 38 -93 30425280 1
1 39 -93 30425280 1
1 40 -92 30425280 1
1 41 -93 30425280 1
1 42 -93 30425280 1
1 43 -93 30425280 1
1 44 -93 30425280 1
1 45 -93 30425280 1
1 46 -93 30425280 1
1 47 -92 30425280 1
1 48 -92 30425280 1
1 49 -92 30425280 1
1 50 -93 30425280 1
1 51 -93 30425280 1
1 52 -93 30425280 1
1 53 -92 30425280 1
1 54 -92 30425280 1
1 55 -93 30425280 1
1 56 -92 30425280 1
1 57 -92 30425280 1
1 58 -93 30425280 1
1 59 -93 30425280 1
1 60 -93 30425280 1
1 61 -93 30425280 1
1 62 -92 30425280 1
1 63 -93 30425280 1
1 64 -93 30425280 1
1 65 -93 30425280 1
1 66 -93 30425280 1
1 67 -92 30425280 1
1 68 -93 30425280 1
1 69 -92 30425280 1
1 70 -93 30425280 1
1 71 -92 30425280 1
1 72 -93 30425280 1
1 73 -92 30425280 1
1 74 -92 30425280 1
1 75 -93 30425280 1
1 76 -93 30425280 1
1 77 -92 30425280 1
1 78 -93 30425280 1
1 79 -94 30425280 1
1 80 -92 30425280 1
1 81 -93 30425280 1
1 82 -92 30425280 1
1 83 -93 30425280 1
1 84 -94 30425280 1
1 85 -93 30425280 1
1 86 -93 30425280 1
1 87 -92 30425280 1
1 88 -93 30425280 1
1 89 -92 30425280 1
1 90 -77 30425280 1
1 91 -76 30425280 1
1 92 -93 30425280 1
1 93 -92 30425280 1
1 94 -92 30425280 1
1 95 -93 30425280 1
1 96 -93 30425280 1
1 97 -93 30425280 1
1 98 -93 30425280 1
1 99 -92 30425280 1
1 100 -93 30425280 1
1 101 -93 30425280 1
1 102 -93 30425280 1
1 103 -93 30425280 1
1 104 -93 30425280 1
1 105 -93 30425280 1
1 106 -92 30425280 1
1 107 -93 30425280 1
1 108 -92 30425280 1
1 109 -92 30425280 1
1 110 -92 30425280 1
1 111 -92 30425280 1
1 112 -93 30425280 1
1 113 -93 30425280 1
1 114 -93 30425280 1
1 115 -93 30425280 1
1 116 -92 30425280 1
1 117 -93 30425280 1
1 118 -92 30425280 1
1 119 -93 30425280 1
1 120 -93 30425280 1
1 121 -93 30425280 1
1 122 -93 30425280 1
1 123 -93 30425280 1
1 124 -92 30425280 1
1 125 -93 30425280 1
1 126 -92 30425280 1
1 127 -93 30425280 1
1 128 -93 30425280 1
1 129 -93 30425280 1
1 130 -92 30425280 1
1 131 -93 30425280 1
1 132 -93 30425280 1
1 133 -92 30425280 1
1 134 -93 30425280 1
1 135 -93 30425280 1
1 136 -93 30425280 1
1 137 -92 30425280 1
1 138 -93 30425280 1
1 139 -92 30425280 1
1 140 -92 30425280 1
1 141 -93 30425280 1
1 142 -92 30425280 1
1 143 -92 30425280 1
1 144 -93 30425280 1
1 145 -93 30425280 1
1 146 -93 30425280 1
1 147 -93 30425280 1
1 148 -92 30425280 1
1 149 -92 30425280 1
1 150 -93 30425280 1
1 151 -92 30425280 1
1 152 -93 30425280 1
1 153 -93 30425280 1
1 154 -92 30425280 1
1 155 -93 30425280 1
1 156 -93 30425280 1
1 157 -93 30425280 1
1 158 -92 30425280 1
1 159 -93 30425280 1
1 160 -93 30425280 1
1 161 -93 30425280 1
1 162 -93 30425280 1
1 163 -92 30425280 1
1 164 -93 30425280 1
1 165 -93 30425280 1
1 166 -92 30425280 1
1 167 -92 30425280 1
1 168 -93 30425280 1
1 169 -93 30425280 1
1 170 -93 30425280 1
1 171 -93 30425280 1
1 172 -93 30425280 1
1 173 -93 30425280 1
1 174 -93 30425280 1
1 175 -93 30425280 1
1 176 -93 30425280 1
1 177 -93 30425280 1
1 178 -93 30425280 1
1 179 -93 30425280 1
1 180 -92 30425280 1
1 181 -93 30425280 1
1 182 -92 30425280 1
1 183 -93 30425280 1
1 184 -92 30425280 1
1 185 -93 30425280 1
1 186 -92 30425280 1
1 187 -93 30425280 1
1 188 -92 30425280 1
1 189 -93 30425280 1
1 190 -93 30425280 1
1 191 -92 30425280 1
1 192 -93 30425280 1
1 193 -93 30425280 1
1 194 -93 30425280 1
1 195 -92 30425280 1
1 196 -93 30425280 1
1 197 -92 30425280 1
1 198 -93 30425280 1
1 199 -92 30425280 1
1 200 -93 30425280 1
1 201 -93 30425280 1
1 202 -93 30425280 1
1 203 -93 30425280 1
1 204 -93 30425280 1
1 205 -93 30425280 1
1 206 -93 30425280 1
1 207 -92 30425280 1
1 208 -93 30425280 1
1 209 -93 30425280 1
1 210 -92 30425280 1
1 211 -93 30425280 1
1 212 -92 30425280 1
1 213 -93 30425280 1
1 214 -93 30425280 1
1 215 -93 30425280 1
1 216 -92 30425280 1
1 217 -92 30425280 1
1 218 -93 30425280 1
1 219 -93 30425280 1
1 220 -92 30425280 1
1 221 -93 30425280 1
1 222 -93 30425280 1
1 223 -92 30425280 1
1 224 -93 30425280 1
1 225 -93 30425280 1
1 226 -93 30425280 1
1 227 -93 30425280 1
1 228 -92 30425280 1
1 229 -92 30425280 1
1 230 -92 30425280 1
1 231 -92 30425280 1
1 232 -93 30425280 1
1 233 -93 30425280 1
1 234 -93 30425280 1
1 235 -93 30425280 1
1 236 -93 30425280 1
1 237 -93 30425280 1
1 238 -92 30425280 1
1 239 -93 30425280 1
1 240 -93 30425280 1
1 241 -92 30425280 1
1 242 -93 30425280 1
1 243 -93 30425280 1
1 244 -93 30425280 1
1 245 -93 30425280 1
1 246 -93 30425280 1
1 247 -92 30425280 1
1 248 -92 30425280 1
1 249 -92 30425280 1
1 250 -93 30425280 1
1 251 -93 30425280 1
1 252 -93 30425280 1
1 253 -93 30425280 1
1 254 -92 30425280 1
1 255 -92 30425280 1
1 256 -93 30425280 1
1 257 -92 30425280 1
1 258 -93 30425280 1
1 259 -92 30425280 1
1 260 -92 30425280 1
1 261 -92 30425280 1
1 262 -93 30425280 1
1 263 -92 30425280 1
1 264 -92 30425280 1
1 265 -92 30425280 1
1 266 -92 30425280 1
1 267 -92 30425280 1
1 268 -92 30425280 1
1 269 -93 30425280 1
1 270 -93 30425280 1
1 271 -93 30425280 1
1 272 -92 30425280 1
1 273 -93 30425280 1
1 274 -93 30425280 1
1 275 -93 30425280 1
1 276 -93 30425280 1
1 277 -93 30425280 1
1 278 -93 30425280 1
1 279 -93 30425280 1
1 280 -93 30425280 1
1 281 -93 30425280 1
1 282 -92 30425280 1
1 283 -92 30425280 1
1 284 -92 30425280 1
1 285 -93 30425280 1
1 286 -93 30425280 1
1 287 -93 30425280 1
1 288 -93 30425280 1
1 289 -93 30425280 1
1 290 -93 30425280 1
1 291 -93 30425280 1
1 292 -93 30425280 1
1 293 -92 30425280 1
1 294 -93 30425280 1
1 295 -92 30425280 1
1 296 -93 30425280 1
1 297 -92 30425280 1
1 298 -93 30425280 1
1 299 -92 30425280 1
1 300 -93 30425280 1
1 301 -93 30425280 1
1 302 -92 30425280 1
1 303 -93 30425280 1
1 304 -93 30425280 1
1 305 -93 30425280 1
1 306 -93 30425280 1
1 307 -92 30425280 1
1 308 -93 30425280 1
1 309 -93 30425280 1
1 310 -93 30425280 1
1 311 -92 30425280 1
1 312 -92 30425280 1
1 313 -93 30425280 1
1 314 -92 30425280 1
1 315 -92 30425280 1
1 316 -93 30425280 1
1 317 -93 30425280 1
1 318 -93 30425280 1
1 319 -93 30425280 1
1 320 -93 30425280 1
1 321 -93 30425280 1
1 322 -93 30425280 1
1 323 -92 30425280 1
1 324 -93 30425280 1
1 325 -93 30425280 1
1 326 -93 30425280 1
1 327 -93 30425280 1
1 328 -92 30425280 1
1 329 -93 30425280 1
1 330 -93 30425280 1
1 331 -93 30425280 1
1 332 -92 30425280 1
1 333 -93 30425280 1
1 334 -93 30425280 1
1 335 -93 30425280 1
1 336 -93 30425280 1
1 337 -93 30425280 1
1 338 -92 30425280 1
1 339 -92 30425280 1
1 340 -93 30425280 1
1 341 -92 30425280 1
1 342 -92 30425280 1
1 343 -93 30425280 1
1 344 -93 30425280 1
1 345 -93 30425280 1
1 346 -93 30425280 1
1 347 -93 30425280 1
1 348 -92 30425280 1
1 349 -93 30425280 1
1 350 -93 30425280 1
1 351 -93 30425280 1
1 352 -93 30425280 1
1 353 -93 30425280 1
1 354 -93 30425280 1
1 355 -93 30425280 1
1 356 -93 30425280 1
1 357 -93 30425280 1
1 358 -92 30425280 1
1 359 -93 30425280 1
1 360 -93 30425280 1
1 361 -93 30425280 1
1 362 -93 30425280 1
1 363 -93 30425280 1
1 364 -92 30425280 1
1 365 -93 30425280 1
1 366 -92 30425280 1
1 367 -93 30425280 1
1 368 -92 30425280 1
1 369 -93 30425280 1
1 370 -93 30425280 1
1 371 -93 30425280 1
1 372 -92 30425280 1
1 373 -93 30425280 1
1 374 -92 30425280 1
1 375 -93 30425280 1
1 376 -93 30425280 1
1 377 -92 30425280 1
1 378 -93 30425280 1
1 379 -93 30425280 1
1 380 -93 30425280 1
1 381 -93 30425280 1
1 382 -93 30425280 1
1 383 -93 30425280 1
1 384 -93 30425280 1
1 385 -93 30425280 1
1 386 -92 30425280 1
1 387 -93 30425280 1
1 388 -93 30425280 1
1 389 -92 30425280 1
1 390 -93 30425280 1
1 391 -93 30425280 1
1 392 -93 30425280 1
1 393 -93 30425280 1
1 394 -93 30425280 1
1 395 -92 30425280 1
1 396 -93 30425280 1
1 397 -93 30425280 1
1 398 -93 30425280 1
1 399 -93 30425280 1
1 400 -93 30425280 1
1 401 -93 30425280 1
1 402 -93 30425280 1
1 403 -93 30425280 1
1 404 -93 30425280 1
1 405 -92 30425280 1
1 406 -93 30425280 1
1 407 -93 30425280 1
1 408 -93 30425280 1
1 409 -93 30425280 1
1 410 -92 30425280 1
1 411 -93 30425280 1
1 412 -93 30425280 1
1 413 -93 30425280 1
1 414 -92 30425280 1
1 415 -93 30425280 1
1 416 -93 30425280 1
1 417 -93 30425280 1
1 418 -93 30425280 1
1 419 -92 30425280 1
1 420 -93 30425280 1
1 421 -93 30425280 1
1 422 -93 30425280 1
1 423 -92 30425280 1
1 424 -93 30425280 1
1 425 -93 30425280 1
1 426 -93 30425280 1
1 427 -92 30425280 1
1 428 -92 30425280 1
1 429 -92 30425280 1
1 430 -93 30425280 1
1 431 -93 30425280 1
1 432 -93 30425280 1
1 433 -93 30425280 1
1 434 -93 30425280 1
1 435 -93 30425280 1
1 436 -92 30425280 1
1 437 -92 30425280 1
1 438 -92 30425280 1
1 439 -93 30425280 1
1 440 -93 30425280 1
1 441 -92 30425280 1
1 442 -93 30425280 1
1 443 -92 30425280 1
1 444 -93 30425280 1
1 445 -92 30425280 1
1 446 -93 30425280 1
1 447 -93 30425280 1
1 448 -93 30425280 1
1 449 -92 30425280 1
1 450 -93 30425280 1
1 451 -93 30425280 1
1 452 -93 30425280 1
1 453 -93 30425280 1
1 454 -92 30425280 1
1 455 -93 30425280 1
1 456 -93 30425280 1
1 457 -92 30425280 1
1 458 -93 30425280 1
1 459 -93 30425280 1
1 460 -92 30425280 1
1 461 -92 30425280 1
1 462 -92 30425280 1
1 463 -76 30425280 1
1 464 -75 30425280 1
1 465 -92 30425280 1
1 466 -92 30425280 1
1 467 -92 30425280 1
1 468 -93 30425280 1
1 469 -92 30425280 1
1 470 -93 30425280 1
1 471 -93 30425280 1
1 472 -93 30425280 1
1 473 -93 30425280 1
1 474 -92 30425280 1
1 475 -93 30425280 1
1 476 -92 30425280 1
1 477 -93 30425280 1
1 478 -93 30425280 1
1 479 -92 30425280 1
1 480 -92 30425280 1
1 481 -93 30425280 1
1 482 -93 30425280 1
1 483 -92 30425280 1
1 484 -93 30425280 1
1 485 -92 30425280 1
1 486 -93 30425280 1
1 487 -93 30425280 1
1 488 -93 30425280 1
1 489 -93 30425280 1
1 490 -93 30425280 1
1 491 -93 30425280 1
1 492 -93 30425280 1
1 493 -93 30425280 1
1 494 -93 30425280 1
1 495 -93 30425280 1
1 496 -93 30425280 1
1 497 -92 30425280 1
1 498 -92 30425280 1
1 499 -93 30425280 1
1 500 -93 30425280 1
1 501 -93 30425280 1
1 502 -93 30425280 1
1 503 -92 30425280 1
1 504 -93 30425280 1
1 505 -93 30425280 1
1 506 -93 30425280 1
1 507 -92 30425280 1
1 508 -93 30425280 1
1 509 -93 30425280 1
1 510 -93 30425280 1
1 511 -93 30425280 1
1 512 -93 30425280 1
