*** RSS data with 4 KHz sampling ***

[Node Id] [Sequence No] [RSSI(dBm)] [TimeStamp(us)] [Counter No]

1 1 -94 473783552 1
1 2 -94 473783552 1
1 3 -94 473783552 1
1 4 -94 473783552 1
1 5 -94 473783552 1
1 6 -94 473783552 1
1 7 -93 473783552 1
1 8 -94 473783552 1
1 9 -94 473783552 1
1 10 -93 473783552 1
1 11 -94 473783552 1
1 12 -94 473783552 1
1 13 -93 473783552 1
1 14 -92 473783552 1
1 15 -88 473783552 1
1 16 -92 473783552 1
1 17 -93 473783552 1
1 18 -94 473783552 1
1 19 -94 473783552 1
1 20 -92 473783552 1
1 21 -94 473783552 1
1 22 -94 473783552 1
1 23 -93 473783552 1
1 24 -93 473783552 1
1 25 -93 473783552 1
1 26 -92 473783552 1
1 27 -94 473783552 1
1 28 -94 473783552 1
1 29 -94 473783552 1
1 30 -93 473783552 1
1 31 -93 473783552 1
1 32 -93 473783552 1
1 33 -93 473783552 1
1 34 -93 473783552 1
1 35 -93 473783552 1
1 36 -93 473783552 1
1 37 -93 473783552 1
1 38 -94 473783552 1
1 39 -93 473783552 1
1 40 -94 473783552 1
1 41 -94 473783552 1
1 42 -94 473783552 1
1 43 -94 473783552 1
1 44 -93 473783552 1
1 45 -93 473783552 1
1 46 -94 473783552 1
1 47 -93 473783552 1
1 48 -93 473783552 1
1 49 -94 473783552 1
1 50 -94 473783552 1
1 51 -94 473783552 1
1 52 -94 473783552 1
1 53 -93 473783552 1
1 54 -94 473783552 1
1 55 -94 473783552 1
1 56 -94 473783552 1
1 57 -94 473783552 1
1 58 -93 473783552 1
1 59 -94 473783552 1
1 60 -93 473783552 1
1 61 -95 473783552 1
1 62 -93 473783552 1
1 63 -94 473783552 1
1 64 -93 473783552 1
1 65 -93 473783552 1
1 66 -93 473783552 1
1 67 -93 473783552 1
1 68 -93 473783552 1
1 69 -93 473783552 1
1 70 -93 473783552 1
1 71 -93 473783552 1
1 72 -93 473783552 1
1 73 -94 473783552 1
1 74 -94 473783552 1
1 75 -93 473783552 1
1 76 -94 473783552 1
1 77 -94 473783552 1
1 78 -94 473783552 1
1 79 -94 473783552 1
1 80 -94 473783552 1
1 81 -94 473783552 1
1 82 -94 473783552 1
1 83 -94 473783552 1
1 84 -94 473783552 1
1 85 -94 473783552 1
1 86 -94 473783552 1
1 87 -94 473783552 1
1 88 -94 473783552 1
1 89 -94 473783552 1
1 90 -94 473783552 1
1 91 -94 473783552 1
1 92 -93 473783552 1
1 93 -93 473783552 1
1 94 -93 473783552 1
1 95 -93 473783552 1
1 96 -94 473783552 1
1 97 -93 473783552 1
1 98 -93 473783552 1
1 99 -94 473783552 1
1 100 -93 473783552 1
1 101 -93 473783552 1
1 102 -94 473783552 1
1 103 -94 473783552 1
1 104 -94 473783552 1
1 105 -94 473783552 1
1 106 -94 473783552 1
1 107 -94 473783552 1
1 108 -93 473783552 1
1 109 -94 473783552 1
1 110 -94 473783552 1
1 111 -93 473783552 1
1 112 -94 473783552 1
1 113 -94 473783552 1
1 114 -94 473783552 1
1 115 -93 473783552 1
1 116 -93 473783552 1
1 117 -94 473783552 1
1 118 -94 473783552 1
1 119 -94 473783552 1
1 120 -94 473783552 1
1 121 -94 473783552 1
1 122 -93 473783552 1
1 123 -93 473783552 1
1 124 -94 473783552 1
1 125 -93 473783552 1
1 126 -93 473783552 1
1 127 -94 473783552 1
1 128 -93 473783552 1
1 129 -93 473783552 1
1 130 -93 473783552 1
1 131 -94 473783552 1
1 132 -93 473783552 1
1 133 -94 473783552 1
1 134 -93 473783552 1
1 135 -94 473783552 1
1 136 -94 473783552 1
1 137 -93 473783552 1
1 138 -94 473783552 1
1 139 -94 473783552 1
1 140 -94 473783552 1
1 141 -94 473783552 1
1 142 -94 473783552 1
1 143 -93 473783552 1
1 144 -94 473783552 1
1 145 -93 473783552 1
1 146 -94 473783552 1
1 147 -94 473783552 1
1 148 -93 473783552 1
1 149 -94 473783552 1
1 150 -93 473783552 1
1 151 -94 473783552 1
1 152 -94 473783552 1
1 153 -94 473783552 1
1 154 -94 473783552 1
1 155 -94 473783552 1
1 156 -94 473783552 1
1 157 -94 473783552 1
1 158 -94 473783552 1
1 159 -94 473783552 1
1 160 -94 473783552 1
1 161 -94 473783552 1
1 162 -94 473783552 1
1 163 -94 473783552 1
1 164 -94 473783552 1
1 165 -94 473783552 1
1 166 -94 473783552 1
1 167 -93 473783552 1
1 168 -93 473783552 1
1 169 -94 473783552 1
1 170 -94 473783552 1
1 171 -94 473783552 1
1 172 -94 473783552 1
1 173 -94 473783552 1
1 174 -94 473783552 1
1 175 -93 473783552 1
1 176 -94 473783552 1
1 177 -94 473783552 1
1 178 -94 473783552 1
1 179 -93 473783552 1
1 180 -95 473783552 1
1 181 -94 473783552 1
1 182 -94 473783552 1
1 183 -94 473783552 1
1 184 -94 473783552 1
1 185 -94 473783552 1
1 186 -94 473783552 1
1 187 -94 473783552 1
1 188 -94 473783552 1
1 189 -94 473783552 1
1 190 -94 473783552 1
1 191 -94 473783552 1
1 192 -94 473783552 1
1 193 -94 473783552 1
1 194 -94 473783552 1
1 195 -94 473783552 1
1 196 -94 473783552 1
1 197 -94 473783552 1
1 198 -94 473783552 1
1 199 -93 473783552 1
1 200 -94 473783552 1
1 201 -94 473783552 1
1 202 -94 473783552 1
1 203 -94 473783552 1
1 204 -94 473783552 1
1 205 -94 473783552 1
1 206 -94 473783552 1
1 207 -93 473783552 1
1 208 -94 473783552 1
1 209 -94 473783552 1
1 210 -94 473783552 1
1 211 -93 473783552 1
1 212 -93 473783552 1
1 213 -94 473783552 1
1 214 -94 473783552 1
1 215 -94 473783552 1
1 216 -94 473783552 1
1 217 -94 473783552 1
1 218 -94 473783552 1
1 219 -93 473783552 1
1 220 -93 473783552 1
1 221 -94 473783552 1
1 222 -94 473783552 1
1 223 -94 473783552 1
1 224 -93 473783552 1
1 225 -94 473783552 1
1 226 -94 473783552 1
1 227 -95 473783552 1
1 228 -94 473783552 1
1 229 -94 473783552 1
1 230 -94 473783552 1
1 231 -94 473783552 1
1 232 -93 473783552 1
1 233 -94 473783552 1
1 234 -94 473783552 1
1 235 -94 473783552 1
1 236 -93 473783552 1
1 237 -94 473783552 1
1 238 -94 473783552 1
1 239 -94 473783552 1
1 240 -93 473783552 1
1 241 -93 473783552 1
1 242 -94 473783552 1
1 243 -94 473783552 1
1 244 -94 473783552 1
1 245 -94 473783552 1
1 246 -94 473783552 1
1 247 -94 473783552 1
1 248 -94 473783552 1
1 249 -94 473783552 1
1 250 -94 473783552 1
1 251 -94 473783552 1
1 252 -93 473783552 1
1 253 -94 473783552 1
1 254 -94 473783552 1
1 255 -94 473783552 1
1 256 -93 473783552 1
1 257 -94 473783552 1
1 258 -94 473783552 1
1 259 -94 473783552 1
1 260 -94 473783552 1
1 261 -94 473783552 1
1 262 -94 473783552 1
1 263 -94 473783552 1
1 264 -94 473783552 1
1 265 -94 473783552 1
1 266 -94 473783552 1
1 267 -94 473783552 1
1 268 -94 473783552 1
1 269 -94 473783552 1
1 270 -94 473783552 1
1 271 -94 473783552 1
1 272 -93 473783552 1
1 273 -93 473783552 1
1 274 -94 473783552 1
1 275 -94 473783552 1
1 276 -94 473783552 1
1 277 -94 473783552 1
1 278 -94 473783552 1
1 279 -94 473783552 1
1 280 -93 473783552 1
1 281 -94 473783552 1
1 282 -93 473783552 1
1 283 -93 473783552 1
1 284 -93 473783552 1
1 285 -94 473783552 1
1 286 -93 473783552 1
1 287 -93 473783552 1
1 288 -94 473783552 1
1 289 -94 473783552 1
1 290 -94 473783552 1
1 291 -93 473783552 1
1 292 -93 473783552 1
1 293 -93 473783552 1
1 294 -93 473783552 1
1 295 -94 473783552 1
1 296 -94 473783552 1
1 297 -93 473783552 1
1 298 -94 473783552 1
1 299 -93 473783552 1
1 300 -94 473783552 1
1 301 -94 473783552 1
1 302 -94 473783552 1
1 303 -94 473783552 1
1 304 -94 473783552 1
1 305 -94 473783552 1
1 306 -94 473783552 1
1 307 -94 473783552 1
1 308 -94 473783552 1
1 309 -94 473783552 1
1 310 -94 473783552 1
1 311 -94 473783552 1
1 312 -94 473783552 1
1 313 -93 473783552 1
1 314 -94 473783552 1
1 315 -93 473783552 1
1 316 -94 473783552 1
1 317 -94 473783552 1
1 318 -94 473783552 1
1 319 -93 473783552 1
1 320 -94 473783552 1
1 321 -95 473783552 1
1 322 -94 473783552 1
1 323 -94 473783552 1
1 324 -94 473783552 1
1 325 -94 473783552 1
1 326 -94 473783552 1
1 327 -93 473783552 1
1 328 -94 473783552 1
1 329 -94 473783552 1
1 330 -94 473783552 1
1 331 -93 473783552 1
1 332 -94 473783552 1
1 333 -94 473783552 1
1 334 -94 473783552 1
1 335 -94 473783552 1
1 336 -94 473783552 1
1 337 -94 473783552 1
1 338 -94 473783552 1
1 339 -94 473783552 1
1 340 -95 473783552 1
1 341 -94 473783552 1
1 342 -94 473783552 1
1 343 -94 473783552 1
1 344 -94 473783552 1
1 345 -94 473783552 1
1 346 -93 473783552 1
1 347 -94 473783552 1
1 348 -94 473783552 1
1 349 -93 473783552 1
1 350 -94 473783552 1
1 351 -94 473783552 1
1 352 -93 473783552 1
1 353 -94 473783552 1
1 354 -94 473783552 1
1 355 -94 473783552 1
1 356 -94 473783552 1
1 357 -94 473783552 1
1 358 -94 473783552 1
1 359 -94 473783552 1
1 360 -94 473783552 1
1 361 -94 473783552 1
1 362 -94 473783552 1
1 363 -94 473783552 1
1 364 -94 473783552 1
1 365 -94 473783552 1
1 366 -94 473783552 1
1 367 -93 473783552 1
1 368 -94 473783552 1
1 369 -94 473783552 1
1 370 -94 473783552 1
1 371 -94 473783552 1
1 372 -94 473783552 1
1 373 -94 473783552 1
1 374 -93 473783552 1
1 375 -94 473783552 1
1 376 -94 473783552 1
1 377 -94 473783552 1
1 378 -94 473783552 1
1 379 -94 473783552 1
1 380 -94 473783552 1
1 381 -93 473783552 1
1 382 -94 473783552 1
1 383 -93 473783552 1
1 384 -94 473783552 1
1 385 -93 473783552 1
1 386 -94 473783552 1
1 387 -84 473783552 1
1 388 -76 473783552 1
1 389 -91 473783552 1
1 390 -94 473783552 1
1 391 -94 473783552 1
1 392 -94 473783552 1
1 393 -93 473783552 1
1 394 -94 473783552 1
1 395 -94 473783552 1
1 396 -94 473783552 1
1 397 -94 473783552 1
1 398 -94 473783552 1
1 399 -93 473783552 1
1 400 -93 473783552 1
1 401 -93 473783552 1
1 402 -94 473783552 1
1 403 -94 473783552 1
1 404 -94 473783552 1
1 405 -93 473783552 1
1 406 -93 473783552 1
1 407 -93 473783552 1
1 408 -94 473783552 1
1 409 -94 473783552 1
1 410 -94 473783552 1
1 411 -93 473783552 1
1 412 -94 473783552 1
1 413 -94 473783552 1
1 414 -93 473783552 1
1 415 -94 473783552 1
1 416 -94 473783552 1
1 417 -94 473783552 1
1 418 -93 473783552 1
1 419 -93 473783552 1
1 420 -93 473783552 1
1 421 -93 473783552 1
1 422 -93 473783552 1
1 423 -94 473783552 1
1 424 -94 473783552 1
1 425 -93 473783552 1
1 426 -94 473783552 1
1 427 -94 473783552 1
1 428 -94 473783552 1
1 429 -94 473783552 1
1 430 -94 473783552 1
1 431 -94 473783552 1
1 432 -94 473783552 1
1 433 -94 473783552 1
1 434 -94 473783552 1
1 435 -93 473783552 1
1 436 -93 473783552 1
1 437 -93 473783552 1
1 438 -94 473783552 1
1 439 -94 473783552 1
1 440 -93 473783552 1
1 441 -94 473783552 1
1 442 -93 473783552 1
1 443 -94 473783552 1
1 444 -93 473783552 1
1 445 -94 473783552 1
1 446 -94 473783552 1
1 447 -94 473783552 1
1 448 -94 473783552 1
1 449 -94 473783552 1
1 450 -93 473783552 1
1 451 -94 473783552 1
1 452 -94 473783552 1
1 453 -92 473783552 1
1 454 -92 473783552 1
1 455 -91 473783552 1
1 456 -92 473783552 1
1 457 -92 473783552 1
1 458 -94 473783552 1
1 459 -93 473783552 1
1 460 -94 473783552 1
1 461 -94 473783552 1
1 462 -93 473783552 1
1 463 -93 473783552 1
1 464 -94 473783552 1
1 465 -94 473783552 1
1 466 -94 473783552 1
1 467 -94 473783552 1
1 468 -93 473783552 1
1 469 -94 473783552 1
1 470 -93 473783552 1
1 471 -93 473783552 1
1 472 -94 473783552 1
1 473 -93 473783552 1
1 474 -93 473783552 1
1 475 -93 473783552 1
1 476 -93 473783552 1
1 477 -94 473783552 1
1 478 -93 473783552 1
1 479 -94 473783552 1
1 480 -93 473783552 1
1 481 -96 473783552 1
1 482 -94 473783552 1
1 483 -94 473783552 1
1 484 -94 473783552 1
1 485 -94 473783552 1
1 486 -94 473783552 1
1 487 -94 473783552 1
1 488 -92 473783552 1
1 489 -92 473783552 1
1 490 -92 473783552 1
1 491 -92 473783552 1
1 492 -93 473783552 1
1 493 -94 473783552 1
1 494 -94 473783552 1
1 495 -95 473783552 1
1 496 -93 473783552 1
1 497 -94 473783552 1
1 498 -94 473783552 1
1 499 -94 473783552 1
1 500 -94 473783552 1
1 501 -94 473783552 1
1 502 -94 473783552 1
1 503 -94 473783552 1
1 504 -94 473783552 1
1 505 -94 473783552 1
1 506 -93 473783552 1
1 507 -93 473783552 1
1 508 -93 473783552 1
1 509 -94 473783552 1
1 510 -94 473783552 1
1 511 -94 473783552 1
1 512 -94 473783552 1
1 513 -93 473988320 2
1 514 -94 473988320 2
1 515 -94 473988320 2
1 516 -93 473988320 2
1 517 -94 473988320 2
1 518 -93 473988320 2
1 519 -94 473988320 2
1 520 -94 473988320 2
1 521 -94 473988320 2
1 522 -94 473988320 2
1 523 -94 473988320 2
1 524 -93 473988320 2
1 525 -94 473988320 2
1 526 -94 473988320 2
1 527 -94 473988320 2
1 528 -93 473988320 2
1 529 -94 473988320 2
1 530 -93 473988320 2
1 531 -94 473988320 2
1 532 -93 473988320 2
1 533 -94 473988320 2
1 534 -94 473988320 2
1 535 -93 473988320 2
1 536 -93 473988320 2
1 537 -94 473988320 2
1 538 -94 473988320 2
1 539 -93 473988320 2
1 540 -94 473988320 2
1 541 -94 473988320 2
1 542 -94 473988320 2
1 543 -93 473988320 2
1 544 -94 473988320 2
1 545 -94 473988320 2
1 546 -93 473988320 2
1 547 -94 473988320 2
1 548 -94 473988320 2
1 549 -93 473988320 2
1 550 -94 473988320 2
1 551 -94 473988320 2
1 552 -93 473988320 2
1 553 -93 473988320 2
1 554 -93 473988320 2
1 555 -93 473988320 2
1 556 -94 473988320 2
1 557 -94 473988320 2
1 558 -94 473988320 2
1 559 -94 473988320 2
1 560 -94 473988320 2
1 561 -75 473988320 2
1 562 -76 473988320 2
1 563 -94 473988320 2
1 564 -93 473988320 2
1 565 -94 473988320 2
1 566 -94 473988320 2
1 567 -94 473988320 2
1 568 -93 473988320 2
1 569 -93 473988320 2
1 570 -93 473988320 2
1 571 -93 473988320 2
1 572 -93 473988320 2
1 573 -93 473988320 2
1 574 -93 473988320 2
1 575 -94 473988320 2
1 576 -90 473988320 2
1 577 -90 473988320 2
1 578 -90 473988320 2
1 579 -90 473988320 2
1 580 -92 473988320 2
1 581 -94 473988320 2
1 582 -94 473988320 2
1 583 -94 473988320 2
1 584 -93 473988320 2
1 585 -94 473988320 2
1 586 -93 473988320 2
1 587 -94 473988320 2
1 588 -94 473988320 2
1 589 -93 473988320 2
1 590 -94 473988320 2
1 591 -93 473988320 2
1 592 -94 473988320 2
1 593 -94 473988320 2
1 594 -94 473988320 2
1 595 -94 473988320 2
1 596 -94 473988320 2
1 597 -94 473988320 2
1 598 -95 473988320 2
1 599 -94 473988320 2
1 600 -94 473988320 2
1 601 -94 473988320 2
1 602 -94 473988320 2
1 603 -94 473988320 2
1 604 -94 473988320 2
1 605 -94 473988320 2
1 606 -93 473988320 2
1 607 -93 473988320 2
1 608 -94 473988320 2
1 609 -94 473988320 2
1 610 -94 473988320 2
1 611 -93 473988320 2
1 612 -94 473988320 2
1 613 -94 473988320 2
1 614 -93 473988320 2
1 615 -94 473988320 2
1 616 -94 473988320 2
1 617 -93 473988320 2
1 618 -94 473988320 2
1 619 -94 473988320 2
1 620 -94 473988320 2
1 621 -94 473988320 2
1 622 -93 473988320 2
1 623 -94 473988320 2
1 624 -94 473988320 2
1 625 -93 473988320 2
1 626 -94 473988320 2
1 627 -94 473988320 2
1 628 -94 473988320 2
1 629 -94 473988320 2
1 630 -94 473988320 2
1 631 -93 473988320 2
1 632 -95 473988320 2
1 633 -93 473988320 2
1 634 -93 473988320 2
1 635 -94 473988320 2
1 636 -94 473988320 2
1 637 -95 473988320 2
1 638 -93 473988320 2
1 639 -93 473988320 2
1 640 -93 473988320 2
1 641 -94 473988320 2
1 642 -94 473988320 2
1 643 -93 473988320 2
1 644 -93 473988320 2
1 645 -93 473988320 2
1 646 -93 473988320 2
1 647 -93 473988320 2
1 648 -94 473988320 2
1 649 -94 473988320 2
1 650 -94 473988320 2
1 651 -94 473988320 2
1 652 -94 473988320 2
1 653 -94 473988320 2
1 654 -94 473988320 2
1 655 -94 473988320 2
1 656 -93 473988320 2
1 657 -94 473988320 2
1 658 -94 473988320 2
1 659 -94 473988320 2
1 660 -93 473988320 2
1 661 -94 473988320 2
1 662 -94 473988320 2
1 663 -94 473988320 2
1 664 -95 473988320 2
1 665 -94 473988320 2
1 666 -94 473988320 2
1 667 -94 473988320 2
1 668 -92 473988320 2
1 669 -91 473988320 2
1 670 -92 473988320 2
1 671 -93 473988320 2
1 672 -93 473988320 2
1 673 -94 473988320 2
1 674 -94 473988320 2
1 675 -94 473988320 2
1 676 -94 473988320 2
1 677 -94 473988320 2
1 678 -93 473988320 2
1 679 -94 473988320 2
1 680 -93 473988320 2
1 681 -94 473988320 2
1 682 -93 473988320 2
1 683 -94 473988320 2
1 684 -94 473988320 2
1 685 -94 473988320 2
1 686 -94 473988320 2
1 687 -93 473988320 2
1 688 -94 473988320 2
1 689 -94 473988320 2
1 690 -94 473988320 2
1 691 -94 473988320 2
1 692 -93 473988320 2
1 693 -94 473988320 2
1 694 -94 473988320 2
1 695 -94 473988320 2
1 696 -94 473988320 2
1 697 -94 473988320 2
1 698 -94 473988320 2
1 699 -94 473988320 2
1 700 -94 473988320 2
1 701 -94 473988320 2
1 702 -94 473988320 2
1 703 -94 473988320 2
1 704 -94 473988320 2
1 705 -94 473988320 2
1 706 -93 473988320 2
1 707 -93 473988320 2
1 708 -93 473988320 2
1 709 -94 473988320 2
1 710 -94 473988320 2
1 711 -94 473988320 2
1 712 -94 473988320 2
1 713 -93 473988320 2
1 714 -93 473988320 2
1 715 -94 473988320 2
1 716 -94 473988320 2
1 717 -94 473988320 2
1 718 -94 473988320 2
1 719 -94 473988320 2
1 720 -94 473988320 2
1 721 -94 473988320 2
1 722 -94 473988320 2
1 723 -94 473988320 2
1 724 -93 473988320 2
1 725 -94 473988320 2
1 726 -94 473988320 2
1 727 -94 473988320 2
1 728 -94 473988320 2
1 729 -94 473988320 2
1 730 -93 473988320 2
1 731 -94 473988320 2
1 732 -94 473988320 2
1 733 -94 473988320 2
1 734 -94 473988320 2
1 735 -94 473988320 2
1 736 -94 473988320 2
1 737 -94 473988320 2
1 738 -94 473988320 2
1 739 -95 473988320 2
1 740 -94 473988320 2
1 741 -94 473988320 2
1 742 -94 473988320 2
1 743 -94 473988320 2
1 744 -94 473988320 2
1 745 -94 473988320 2
1 746 -93 473988320 2
1 747 -94 473988320 2
1 748 -94 473988320 2
1 749 -94 473988320 2
1 750 -94 473988320 2
1 751 -94 473988320 2
1 752 -94 473988320 2
1 753 -94 473988320 2
1 754 -94 473988320 2
1 755 -94 473988320 2
1 756 -94 473988320 2
1 757 -94 473988320 2
1 758 -93 473988320 2
1 759 -94 473988320 2
1 760 -93 473988320 2
1 761 -93 473988320 2
1 762 -93 473988320 2
1 763 -94 473988320 2
1 764 -94 473988320 2
1 765 -94 473988320 2
1 766 -94 473988320 2
1 767 -93 473988320 2
1 768 -93 473988320 2
1 769 -93 473988320 2
1 770 -93 473988320 2
1 771 -93 473988320 2
1 772 -93 473988320 2
1 773 -94 473988320 2
1 774 -93 473988320 2
1 775 -94 473988320 2
1 776 -94 473988320 2
1 777 -93 473988320 2
1 778 -94 473988320 2
1 779 -94 473988320 2
1 780 -94 473988320 2
1 781 -94 473988320 2
1 782 -94 473988320 2
1 783 -93 473988320 2
1 784 -94 473988320 2
1 785 -94 473988320 2
1 786 -94 473988320 2
1 787 -93 473988320 2
1 788 -94 473988320 2
1 789 -93 473988320 2
1 790 -94 473988320 2
1 791 -93 473988320 2
1 792 -94 473988320 2
1 793 -94 473988320 2
1 794 -93 473988320 2
1 795 -93 473988320 2
1 796 -94 473988320 2
1 797 -93 473988320 2
1 798 -93 473988320 2
1 799 -94 473988320 2
1 800 -94 473988320 2
1 801 -93 473988320 2
1 802 -94 473988320 2
1 803 -94 473988320 2
1 804 -94 473988320 2
1 805 -94 473988320 2
1 806 -93 473988320 2
1 807 -94 473988320 2
1 808 -94 473988320 2
1 809 -94 473988320 2
1 810 -94 473988320 2
1 811 -94 473988320 2
1 812 -94 473988320 2
1 813 -94 473988320 2
1 814 -94 473988320 2
1 815 -94 473988320 2
1 816 -94 473988320 2
1 817 -93 473988320 2
1 818 -94 473988320 2
1 819 -94 473988320 2
1 820 -93 473988320 2
1 821 -94 473988320 2
1 822 -94 473988320 2
1 823 -94 473988320 2
1 824 -93 473988320 2
1 825 -94 473988320 2
1 826 -93 473988320 2
1 827 -94 473988320 2
1 828 -94 473988320 2
1 829 -94 473988320 2
1 830 -94 473988320 2
1 831 -93 473988320 2
1 832 -94 473988320 2
1 833 -94 473988320 2
1 834 -93 473988320 2
1 835 -94 473988320 2
1 836 -94 473988320 2
1 837 -94 473988320 2
1 838 -94 473988320 2
1 839 -94 473988320 2
1 840 -94 473988320 2
1 841 -94 473988320 2
1 842 -94 473988320 2
1 843 -94 473988320 2
1 844 -93 473988320 2
1 845 -93 473988320 2
1 846 -94 473988320 2
1 847 -94 473988320 2
1 848 -93 473988320 2
1 849 -93 473988320 2
1 850 -94 473988320 2
1 851 -94 473988320 2
1 852 -94 473988320 2
1 853 -94 473988320 2
1 854 -94 473988320 2
1 855 -93 473988320 2
1 856 -94 473988320 2
1 857 -93 473988320 2
1 858 -93 473988320 2
1 859 -94 473988320 2
1 860 -94 473988320 2
1 861 -93 473988320 2
1 862 -93 473988320 2
1 863 -93 473988320 2
1 864 -94 473988320 2
1 865 -93 473988320 2
1 866 -93 473988320 2
1 867 -91 473988320 2
1 868 -92 473988320 2
1 869 -92 473988320 2
1 870 -92 473988320 2
1 871 -92 473988320 2
1 872 -94 473988320 2
1 873 -88 473988320 2
1 874 -94 473988320 2
1 875 -94 473988320 2
1 876 -93 473988320 2
1 877 -93 473988320 2
1 878 -94 473988320 2
1 879 -94 473988320 2
1 880 -94 473988320 2
1 881 -93 473988320 2
1 882 -93 473988320 2
1 883 -93 473988320 2
1 884 -94 473988320 2
1 885 -94 473988320 2
1 886 -93 473988320 2
1 887 -94 473988320 2
1 888 -94 473988320 2
1 889 -94 473988320 2
1 890 -94 473988320 2
1 891 -93 473988320 2
1 892 -94 473988320 2
1 893 -94 473988320 2
1 894 -94 473988320 2
1 895 -94 473988320 2
1 896 -94 473988320 2
1 897 -94 473988320 2
1 898 -94 473988320 2
1 899 -93 473988320 2
1 900 -93 473988320 2
1 901 -93 473988320 2
1 902 -93 473988320 2
1 903 -94 473988320 2
1 904 -94 473988320 2
1 905 -93 473988320 2
1 906 -94 473988320 2
1 907 -93 473988320 2
1 908 -94 473988320 2
1 909 -94 473988320 2
1 910 -94 473988320 2
1 911 -93 473988320 2
1 912 -94 473988320 2
1 913 -94 473988320 2
1 914 -94 473988320 2
1 915 -94 473988320 2
1 916 -94 473988320 2
1 917 -93 473988320 2
1 918 -94 473988320 2
1 919 -94 473988320 2
1 920 -94 473988320 2
1 921 -94 473988320 2
1 922 -94 473988320 2
1 923 -93 473988320 2
1 924 -95 473988320 2
1 925 -93 473988320 2
1 926 -94 473988320 2
1 927 -93 473988320 2
1 928 -94 473988320 2
1 929 -94 473988320 2
1 930 -93 473988320 2
1 931 -93 473988320 2
1 932 -93 473988320 2
1 933 -94 473988320 2
1 934 -76 473988320 2
1 935 -76 473988320 2
1 936 -93 473988320 2
1 937 -94 473988320 2
1 938 -94 473988320 2
1 939 -93 473988320 2
1 940 -94 473988320 2
1 941 -93 473988320 2
1 942 -94 473988320 2
1 943 -94 473988320 2
1 944 -94 473988320 2
1 945 -94 473988320 2
1 946 -93 473988320 2
1 947 -94 473988320 2
1 948 -94 473988320 2
1 949 -94 473988320 2
1 950 -94 473988320 2
1 951 -94 473988320 2
1 952 -93 473988320 2
1 953 -94 473988320 2
1 954 -94 473988320 2
1 955 -94 473988320 2
1 956 -94 473988320 2
1 957 -94 473988320 2
1 958 -94 473988320 2
1 959 -94 473988320 2
1 960 -94 473988320 2
1 961 -93 473988320 2
1 962 -94 473988320 2
1 963 -94 473988320 2
1 964 -94 473988320 2
1 965 -94 473988320 2
1 966 -94 473988320 2
1 967 -93 473988320 2
1 968 -94 473988320 2
1 969 -94 473988320 2
1 970 -93 473988320 2
1 971 -94 473988320 2
1 972 -94 473988320 2
1 973 -94 473988320 2
1 974 -94 473988320 2
1 975 -94 473988320 2
1 976 -93 473988320 2
1 977 -93 473988320 2
1 978 -93 473988320 2
1 979 -94 473988320 2
1 980 -94 473988320 2
1 981 -93 473988320 2
1 982 -93 473988320 2
1 983 -93 473988320 2
1 984 -94 473988320 2
1 985 -95 473988320 2
1 986 -94 473988320 2
1 987 -94 473988320 2
1 988 -94 473988320 2
1 989 -94 473988320 2
1 990 -94 473988320 2
1 991 -94 473988320 2
1 992 -94 473988320 2
1 993 -94 473988320 2
1 994 -93 473988320 2
1 995 -94 473988320 2
1 996 -94 473988320 2
1 997 -94 473988320 2
1 998 -94 473988320 2
1 999 -94 473988320 2
1 1000 -94 473988320 2
1 1001 -94 473988320 2
1 1002 -94 473988320 2
1 1003 -94 473988320 2
1 1004 -94 473988320 2
1 1005 -93 473988320 2
1 1006 -94 473988320 2
1 1007 -94 473988320 2
1 1008 -94 473988320 2
1 1009 -94 473988320 2
1 1010 -94 473988320 2
1 1011 -94 473988320 2
1 1012 -94 473988320 2
1 1013 -93 473988320 2
1 1014 -93 473988320 2
1 1015 -93 473988320 2
1 1016 -94 473988320 2
1 1017 -94 473988320 2
1 1018 -93 473988320 2
1 1019 -93 473988320 2
1 1020 -94 473988320 2
1 1021 -94 473988320 2
1 1022 -94 473988320 2
1 1023 -94 473988320 2
1 1024 -94 473988320 2
1 1025 -94 474193024 3
1 1026 -94 474193024 3
1 1027 -94 474193024 3
1 1028 -93 474193024 3
1 1029 -93 474193024 3
1 1030 -93 474193024 3
1 1031 -94 474193024 3
1 1032 -94 474193024 3
1 1033 -93 474193024 3
1 1034 -94 474193024 3
1 1035 -94 474193024 3
1 1036 -94 474193024 3
1 1037 -94 474193024 3
1 1038 -94 474193024 3
1 1039 -94 474193024 3
1 1040 -94 474193024 3
1 1041 -94 474193024 3
1 1042 -93 474193024 3
1 1043 -94 474193024 3
1 1044 -94 474193024 3
1 1045 -93 474193024 3
1 1046 -94 474193024 3
1 1047 -94 474193024 3
1 1048 -94 474193024 3
1 1049 -94 474193024 3
1 1050 -94 474193024 3
1 1051 -94 474193024 3
1 1052 -93 474193024 3
1 1053 -94 474193024 3
1 1054 -94 474193024 3
1 1055 -94 474193024 3
1 1056 -93 474193024 3
1 1057 -94 474193024 3
1 1058 -94 474193024 3
1 1059 -93 474193024 3
1 1060 -94 474193024 3
1 1061 -94 474193024 3
1 1062 -93 474193024 3
1 1063 -94 474193024 3
1 1064 -93 474193024 3
1 1065 -94 474193024 3
1 1066 -94 474193024 3
1 1067 -94 474193024 3
1 1068 -94 474193024 3
1 1069 -94 474193024 3
1 1070 -94 474193024 3
1 1071 -94 474193024 3
1 1072 -94 474193024 3
1 1073 -93 474193024 3
1 1074 -94 474193024 3
1 1075 -94 474193024 3
1 1076 -93 474193024 3
1 1077 -94 474193024 3
1 1078 -93 474193024 3
1 1079 -94 474193024 3
1 1080 -94 474193024 3
1 1081 -94 474193024 3
1 1082 -93 474193024 3
1 1083 -93 474193024 3
1 1084 -94 474193024 3
1 1085 -93 474193024 3
1 1086 -93 474193024 3
1 1087 -94 474193024 3
1 1088 -94 474193024 3
1 1089 -95 474193024 3
1 1090 -94 474193024 3
1 1091 -94 474193024 3
1 1092 -94 474193024 3
1 1093 -93 474193024 3
1 1094 -95 474193024 3
1 1095 -94 474193024 3
1 1096 -94 474193024 3
1 1097 -94 474193024 3
1 1098 -94 474193024 3
1 1099 -94 474193024 3
1 1100 -93 474193024 3
1 1101 -94 474193024 3
1 1102 -94 474193024 3
1 1103 -93 474193024 3
1 1104 -94 474193024 3
1 1105 -93 474193024 3
1 1106 -94 474193024 3
1 1107 -93 474193024 3
1 1108 -76 474193024 3
1 1109 -83 474193024 3
1 1110 -93 474193024 3
1 1111 -93 474193024 3
1 1112 -94 474193024 3
1 1113 -94 474193024 3
1 1114 -93 474193024 3
1 1115 -93 474193024 3
1 1116 -93 474193024 3
1 1117 -94 474193024 3
1 1118 -94 474193024 3
1 1119 -94 474193024 3
1 1120 -94 474193024 3
1 1121 -93 474193024 3
1 1122 -94 474193024 3
1 1123 -94 474193024 3
1 1124 -93 474193024 3
1 1125 -93 474193024 3
1 1126 -94 474193024 3
1 1127 -94 474193024 3
1 1128 -94 474193024 3
1 1129 -94 474193024 3
1 1130 -94 474193024 3
1 1131 -94 474193024 3
1 1132 -93 474193024 3
1 1133 -94 474193024 3
1 1134 -94 474193024 3
1 1135 -95 474193024 3
1 1136 -94 474193024 3
1 1137 -94 474193024 3
1 1138 -95 474193024 3
1 1139 -94 474193024 3
1 1140 -94 474193024 3
1 1141 -94 474193024 3
1 1142 -94 474193024 3
1 1143 -94 474193024 3
1 1144 -94 474193024 3
1 1145 -95 474193024 3
1 1146 -94 474193024 3
1 1147 -94 474193024 3
1 1148 -94 474193024 3
1 1149 -94 474193024 3
1 1150 -93 474193024 3
1 1151 -93 474193024 3
1 1152 -93 474193024 3
1 1153 -94 474193024 3
1 1154 -93 474193024 3
1 1155 -94 474193024 3
1 1156 -93 474193024 3
1 1157 -93 474193024 3
1 1158 -94 474193024 3
1 1159 -94 474193024 3
1 1160 -93 474193024 3
1 1161 -93 474193024 3
1 1162 -93 474193024 3
1 1163 -93 474193024 3
1 1164 -94 474193024 3
1 1165 -93 474193024 3
1 1166 -93 474193024 3
1 1167 -93 474193024 3
1 1168 -94 474193024 3
1 1169 -94 474193024 3
1 1170 -94 474193024 3
1 1171 -94 474193024 3
1 1172 -94 474193024 3
1 1173 -93 474193024 3
1 1174 -94 474193024 3
1 1175 -94 474193024 3
1 1176 -94 474193024 3
1 1177 -93 474193024 3
1 1178 -94 474193024 3
1 1179 -94 474193024 3
1 1180 -94 474193024 3
1 1181 -94 474193024 3
1 1182 -94 474193024 3
1 1183 -94 474193024 3
1 1184 -94 474193024 3
1 1185 -93 474193024 3
1 1186 -94 474193024 3
1 1187 -94 474193024 3
1 1188 -94 474193024 3
1 1189 -94 474193024 3
1 1190 -94 474193024 3
1 1191 -94 474193024 3
1 1192 -94 474193024 3
1 1193 -93 474193024 3
1 1194 -94 474193024 3
1 1195 -94 474193024 3
1 1196 -94 474193024 3
1 1197 -94 474193024 3
1 1198 -93 474193024 3
1 1199 -94 474193024 3
1 1200 -94 474193024 3
1 1201 -94 474193024 3
1 1202 -93 474193024 3
1 1203 -93 474193024 3
1 1204 -93 474193024 3
1 1205 -93 474193024 3
1 1206 -94 474193024 3
1 1207 -93 474193024 3
1 1208 -93 474193024 3
1 1209 -94 474193024 3
1 1210 -94 474193024 3
1 1211 -95 474193024 3
1 1212 -94 474193024 3
1 1213 -94 474193024 3
1 1214 -93 474193024 3
1 1215 -94 474193024 3
1 1216 -94 474193024 3
1 1217 -95 474193024 3
1 1218 -94 474193024 3
1 1219 -94 474193024 3
1 1220 -95 474193024 3
1 1221 -94 474193024 3
1 1222 -94 474193024 3
1 1223 -95 474193024 3
1 1224 -93 474193024 3
1 1225 -94 474193024 3
1 1226 -94 474193024 3
1 1227 -94 474193024 3
1 1228 -94 474193024 3
1 1229 -94 474193024 3
1 1230 -94 474193024 3
1 1231 -94 474193024 3
1 1232 -93 474193024 3
1 1233 -94 474193024 3
1 1234 -94 474193024 3
1 1235 -94 474193024 3
1 1236 -94 474193024 3
1 1237 -94 474193024 3
1 1238 -94 474193024 3
1 1239 -94 474193024 3
1 1240 -94 474193024 3
1 1241 -94 474193024 3
1 1242 -94 474193024 3
1 1243 -94 474193024 3
1 1244 -94 474193024 3
1 1245 -94 474193024 3
1 1246 -94 474193024 3
1 1247 -94 474193024 3
1 1248 -94 474193024 3
1 1249 -94 474193024 3
1 1250 -94 474193024 3
1 1251 -94 474193024 3
1 1252 -94 474193024 3
1 1253 -94 474193024 3
1 1254 -94 474193024 3
1 1255 -94 474193024 3
1 1256 -95 474193024 3
1 1257 -94 474193024 3
1 1258 -94 474193024 3
1 1259 -94 474193024 3
1 1260 -94 474193024 3
1 1261 -94 474193024 3
1 1262 -94 474193024 3
1 1263 -94 474193024 3
1 1264 -94 474193024 3
1 1265 -94 474193024 3
1 1266 -94 474193024 3
1 1267 -94 474193024 3
1 1268 -94 474193024 3
1 1269 -94 474193024 3
1 1270 -94 474193024 3
1 1271 -94 474193024 3
1 1272 -94 474193024 3
1 1273 -94 474193024 3
1 1274 -94 474193024 3
1 1275 -94 474193024 3
1 1276 -93 474193024 3
1 1277 -93 474193024 3
1 1278 -93 474193024 3
1 1279 -93 474193024 3
1 1280 -94 474193024 3
1 1281 -93 474193024 3
1 1282 -93 474193024 3
1 1283 -93 474193024 3
1 1284 -94 474193024 3
1 1285 -93 474193024 3
1 1286 -94 474193024 3
1 1287 -94 474193024 3
1 1288 -94 474193024 3
1 1289 -94 474193024 3
1 1290 -94 474193024 3
1 1291 -94 474193024 3
1 1292 -93 474193024 3
1 1293 -94 474193024 3
1 1294 -94 474193024 3
1 1295 -94 474193024 3
1 1296 -94 474193024 3
1 1297 -94 474193024 3
1 1298 -94 474193024 3
1 1299 -93 474193024 3
1 1300 -94 474193024 3
1 1301 -94 474193024 3
1 1302 -94 474193024 3
1 1303 -94 474193024 3
1 1304 -94 474193024 3
1 1305 -93 474193024 3
1 1306 -94 474193024 3
1 1307 -94 474193024 3
1 1308 -94 474193024 3
1 1309 -94 474193024 3
1 1310 -94 474193024 3
1 1311 -94 474193024 3
1 1312 -94 474193024 3
1 1313 -94 474193024 3
1 1314 -94 474193024 3
1 1315 -94 474193024 3
1 1316 -93 474193024 3
1 1317 -94 474193024 3
1 1318 -94 474193024 3
1 1319 -94 474193024 3
1 1320 -94 474193024 3
1 1321 -94 474193024 3
1 1322 -94 474193024 3
1 1323 -94 474193024 3
1 1324 -94 474193024 3
1 1325 -94 474193024 3
1 1326 -94 474193024 3
1 1327 -94 474193024 3
1 1328 -94 474193024 3
1 1329 -94 474193024 3
1 1330 -94 474193024 3
1 1331 -94 474193024 3
1 1332 -94 474193024 3
1 1333 -93 474193024 3
1 1334 -94 474193024 3
1 1335 -94 474193024 3
1 1336 -93 474193024 3
1 1337 -95 474193024 3
1 1338 -94 474193024 3
1 1339 -94 474193024 3
1 1340 -94 474193024 3
1 1341 -93 474193024 3
1 1342 -94 474193024 3
1 1343 -94 474193024 3
1 1344 -94 474193024 3
1 1345 -93 474193024 3
1 1346 -94 474193024 3
1 1347 -94 474193024 3
1 1348 -94 474193024 3
1 1349 -93 474193024 3
1 1350 -94 474193024 3
1 1351 -94 474193024 3
1 1352 -94 474193024 3
1 1353 -93 474193024 3
1 1354 -94 474193024 3
1 1355 -94 474193024 3
1 1356 -94 474193024 3
1 1357 -94 474193024 3
1 1358 -94 474193024 3
1 1359 -94 474193024 3
1 1360 -94 474193024 3
1 1361 -94 474193024 3
1 1362 -94 474193024 3
1 1363 -93 474193024 3
1 1364 -94 474193024 3
1 1365 -94 474193024 3
1 1366 -94 474193024 3
1 1367 -94 474193024 3
1 1368 -94 474193024 3
1 1369 -94 474193024 3
1 1370 -94 474193024 3
1 1371 -94 474193024 3
1 1372 -94 474193024 3
1 1373 -94 474193024 3
1 1374 -94 474193024 3
1 1375 -94 474193024 3
1 1376 -94 474193024 3
1 1377 -94 474193024 3
1 1378 -94 474193024 3
1 1379 -94 474193024 3
1 1380 -93 474193024 3
1 1381 -94 474193024 3
1 1382 -94 474193024 3
1 1383 -94 474193024 3
1 1384 -94 474193024 3
1 1385 -94 474193024 3
1 1386 -93 474193024 3
1 1387 -93 474193024 3
1 1388 -94 474193024 3
1 1389 -94 474193024 3
1 1390 -94 474193024 3
1 1391 -94 474193024 3
1 1392 -94 474193024 3
1 1393 -93 474193024 3
1 1394 -94 474193024 3
1 1395 -94 474193024 3
1 1396 -94 474193024 3
1 1397 -94 474193024 3
1 1398 -94 474193024 3
1 1399 -94 474193024 3
1 1400 -94 474193024 3
1 1401 -94 474193024 3
1 1402 -94 474193024 3
1 1403 -94 474193024 3
1 1404 -94 474193024 3
1 1405 -94 474193024 3
1 1406 -94 474193024 3
1 1407 -94 474193024 3
1 1408 -94 474193024 3
1 1409 -94 474193024 3
1 1410 -94 474193024 3
1 1411 -94 474193024 3
1 1412 -94 474193024 3
1 1413 -94 474193024 3
1 1414 -94 474193024 3
1 1415 -94 474193024 3
1 1416 -94 474193024 3
1 1417 -94 474193024 3
1 1418 -94 474193024 3
1 1419 -94 474193024 3
1 1420 -94 474193024 3
1 1421 -94 474193024 3
1 1422 -93 474193024 3
1 1423 -94 474193024 3
1 1424 -94 474193024 3
1 1425 -93 474193024 3
1 1426 -94 474193024 3
1 1427 -94 474193024 3
1 1428 -94 474193024 3
1 1429 -94 474193024 3
1 1430 -94 474193024 3
1 1431 -94 474193024 3
1 1432 -94 474193024 3
1 1433 -93 474193024 3
1 1434 -94 474193024 3
1 1435 -94 474193024 3
1 1436 -94 474193024 3
1 1437 -94 474193024 3
1 1438 -94 474193024 3
1 1439 -94 474193024 3
1 1440 -94 474193024 3
1 1441 -94 474193024 3
1 1442 -94 474193024 3
1 1443 -94 474193024 3
1 1444 -93 474193024 3
1 1445 -94 474193024 3
1 1446 -93 474193024 3
1 1447 -95 474193024 3
1 1448 -94 474193024 3
1 1449 -94 474193024 3
1 1450 -93 474193024 3
1 1451 -94 474193024 3
1 1452 -94 474193024 3
1 1453 -94 474193024 3
1 1454 -94 474193024 3
1 1455 -94 474193024 3
1 1456 -93 474193024 3
1 1457 -94 474193024 3
1 1458 -94 474193024 3
1 1459 -94 474193024 3
1 1460 -94 474193024 3
1 1461 -94 474193024 3
1 1462 -93 474193024 3
1 1463 -94 474193024 3
1 1464 -94 474193024 3
1 1465 -94 474193024 3
1 1466 -94 474193024 3
1 1467 -94 474193024 3
1 1468 -94 474193024 3
1 1469 -94 474193024 3
1 1470 -93 474193024 3
1 1471 -94 474193024 3
1 1472 -94 474193024 3
1 1473 -94 474193024 3
1 1474 -94 474193024 3
1 1475 -95 474193024 3
1 1476 -77 474193024 3
1 1477 -87 474193024 3
1 1478 -94 474193024 3
1 1479 -93 474193024 3
1 1480 -93 474193024 3
1 1481 -89 474193024 3
1 1482 -84 474193024 3
1 1483 -94 474193024 3
1 1484 -93 474193024 3
1 1485 -93 474193024 3
1 1486 -93 474193024 3
1 1487 -93 474193024 3
1 1488 -93 474193024 3
1 1489 -93 474193024 3
1 1490 -94 474193024 3
1 1491 -94 474193024 3
1 1492 -94 474193024 3
1 1493 -94 474193024 3
1 1494 -93 474193024 3
1 1495 -94 474193024 3
1 1496 -94 474193024 3
1 1497 -94 474193024 3
1 1498 -94 474193024 3
1 1499 -94 474193024 3
1 1500 -94 474193024 3
1 1501 -94 474193024 3
1 1502 -94 474193024 3
1 1503 -93 474193024 3
1 1504 -94 474193024 3
1 1505 -94 474193024 3
1 1506 -94 474193024 3
1 1507 -95 474193024 3
1 1508 -93 474193024 3
1 1509 -94 474193024 3
1 1510 -94 474193024 3
1 1511 -93 474193024 3
1 1512 -94 474193024 3
1 1513 -94 474193024 3
1 1514 -93 474193024 3
1 1515 -94 474193024 3
1 1516 -94 474193024 3
1 1517 -93 474193024 3
1 1518 -94 474193024 3
1 1519 -94 474193024 3
1 1520 -94 474193024 3
1 1521 -94 474193024 3
1 1522 -94 474193024 3
1 1523 -94 474193024 3
1 1524 -93 474193024 3
1 1525 -93 474193024 3
1 1526 -94 474193024 3
1 1527 -93 474193024 3
1 1528 -93 474193024 3
1 1529 -93 474193024 3
1 1530 -93 474193024 3
1 1531 -94 474193024 3
1 1532 -94 474193024 3
1 1533 -94 474193024 3
1 1534 -94 474193024 3
1 1535 -94 474193024 3
1 1536 -94 474193024 3
1 1537 -94 474397728 4
1 1538 -94 474397728 4
1 1539 -93 474397728 4
1 1540 -94 474397728 4
1 1541 -94 474397728 4
1 1542 -94 474397728 4
1 1543 -94 474397728 4
1 1544 -95 474397728 4
1 1545 -94 474397728 4
1 1546 -94 474397728 4
1 1547 -94 474397728 4
1 1548 -94 474397728 4
1 1549 -94 474397728 4
1 1550 -94 474397728 4
1 1551 -94 474397728 4
1 1552 -94 474397728 4
1 1553 -94 474397728 4
1 1554 -94 474397728 4
1 1555 -94 474397728 4
1 1556 -94 474397728 4
1 1557 -94 474397728 4
1 1558 -94 474397728 4
1 1559 -94 474397728 4
1 1560 -94 474397728 4
1 1561 -94 474397728 4
1 1562 -94 474397728 4
1 1563 -94 474397728 4
1 1564 -94 474397728 4
1 1565 -94 474397728 4
1 1566 -94 474397728 4
1 1567 -94 474397728 4
1 1568 -94 474397728 4
1 1569 -94 474397728 4
1 1570 -94 474397728 4
1 1571 -94 474397728 4
1 1572 -93 474397728 4
1 1573 -94 474397728 4
1 1574 -93 474397728 4
1 1575 -93 474397728 4
1 1576 -94 474397728 4
1 1577 -94 474397728 4
1 1578 -94 474397728 4
1 1579 -94 474397728 4
1 1580 -94 474397728 4
1 1581 -94 474397728 4
1 1582 -94 474397728 4
1 1583 -94 474397728 4
1 1584 -94 474397728 4
1 1585 -94 474397728 4
1 1586 -94 474397728 4
1 1587 -94 474397728 4
1 1588 -94 474397728 4
1 1589 -94 474397728 4
1 1590 -94 474397728 4
1 1591 -94 474397728 4
1 1592 -93 474397728 4
1 1593 -93 474397728 4
1 1594 -94 474397728 4
1 1595 -94 474397728 4
1 1596 -94 474397728 4
1 1597 -94 474397728 4
1 1598 -94 474397728 4
1 1599 -94 474397728 4
1 1600 -93 474397728 4
1 1601 -94 474397728 4
1 1602 -95 474397728 4
1 1603 -94 474397728 4
1 1604 -94 474397728 4
1 1605 -94 474397728 4
1 1606 -94 474397728 4
1 1607 -94 474397728 4
1 1608 -94 474397728 4
1 1609 -93 474397728 4
1 1610 -94 474397728 4
1 1611 -94 474397728 4
1 1612 -94 474397728 4
1 1613 -93 474397728 4
1 1614 -94 474397728 4
1 1615 -94 474397728 4
1 1616 -93 474397728 4
1 1617 -94 474397728 4
1 1618 -93 474397728 4
1 1619 -94 474397728 4
1 1620 -94 474397728 4
1 1621 -93 474397728 4
1 1622 -93 474397728 4
1 1623 -94 474397728 4
1 1624 -94 474397728 4
1 1625 -94 474397728 4
1 1626 -93 474397728 4
1 1627 -93 474397728 4
1 1628 -94 474397728 4
1 1629 -94 474397728 4
1 1630 -94 474397728 4
1 1631 -94 474397728 4
1 1632 -94 474397728 4
1 1633 -94 474397728 4
1 1634 -94 474397728 4
1 1635 -94 474397728 4
1 1636 -94 474397728 4
1 1637 -93 474397728 4
1 1638 -94 474397728 4
1 1639 -93 474397728 4
1 1640 -94 474397728 4
1 1641 -93 474397728 4
1 1642 -94 474397728 4
1 1643 -94 474397728 4
1 1644 -93 474397728 4
1 1645 -94 474397728 4
1 1646 -94 474397728 4
1 1647 -94 474397728 4
1 1648 -94 474397728 4
1 1649 -94 474397728 4
1 1650 -94 474397728 4
1 1651 -94 474397728 4
1 1652 -93 474397728 4
1 1653 -94 474397728 4
1 1654 -77 474397728 4
1 1655 -76 474397728 4
1 1656 -94 474397728 4
1 1657 -94 474397728 4
1 1658 -94 474397728 4
1 1659 -93 474397728 4
1 1660 -94 474397728 4
1 1661 -93 474397728 4
1 1662 -94 474397728 4
1 1663 -94 474397728 4
1 1664 -94 474397728 4
1 1665 -93 474397728 4
1 1666 -95 474397728 4
1 1667 -94 474397728 4
1 1668 -93 474397728 4
1 1669 -93 474397728 4
1 1670 -95 474397728 4
1 1671 -94 474397728 4
1 1672 -93 474397728 4
1 1673 -93 474397728 4
1 1674 -94 474397728 4
1 1675 -93 474397728 4
1 1676 -94 474397728 4
1 1677 -93 474397728 4
1 1678 -94 474397728 4
1 1679 -93 474397728 4
1 1680 -94 474397728 4
1 1681 -94 474397728 4
1 1682 -94 474397728 4
1 1683 -93 474397728 4
1 1684 -93 474397728 4
1 1685 -93 474397728 4
1 1686 -93 474397728 4
1 1687 -93 474397728 4
1 1688 -94 474397728 4
1 1689 -94 474397728 4
1 1690 -94 474397728 4
1 1691 -93 474397728 4
1 1692 -94 474397728 4
1 1693 -94 474397728 4
1 1694 -94 474397728 4
1 1695 -94 474397728 4
1 1696 -93 474397728 4
1 1697 -94 474397728 4
1 1698 -93 474397728 4
1 1699 -93 474397728 4
1 1700 -93 474397728 4
1 1701 -93 474397728 4
1 1702 -93 474397728 4
1 1703 -93 474397728 4
1 1704 -93 474397728 4
1 1705 -94 474397728 4
1 1706 -94 474397728 4
1 1707 -94 474397728 4
1 1708 -94 474397728 4
1 1709 -95 474397728 4
1 1710 -94 474397728 4
1 1711 -94 474397728 4
1 1712 -94 474397728 4
1 1713 -95 474397728 4
1 1714 -94 474397728 4
1 1715 -94 474397728 4
1 1716 -94 474397728 4
1 1717 -94 474397728 4
1 1718 -93 474397728 4
1 1719 -94 474397728 4
1 1720 -94 474397728 4
1 1721 -94 474397728 4
1 1722 -94 474397728 4
1 1723 -93 474397728 4
1 1724 -94 474397728 4
1 1725 -95 474397728 4
1 1726 -94 474397728 4
1 1727 -94 474397728 4
1 1728 -94 474397728 4
1 1729 -94 474397728 4
1 1730 -93 474397728 4
1 1731 -94 474397728 4
1 1732 -94 474397728 4
1 1733 -93 474397728 4
1 1734 -94 474397728 4
1 1735 -93 474397728 4
1 1736 -94 474397728 4
1 1737 -94 474397728 4
1 1738 -94 474397728 4
1 1739 -94 474397728 4
1 1740 -94 474397728 4
1 1741 -94 474397728 4
1 1742 -93 474397728 4
1 1743 -94 474397728 4
1 1744 -94 474397728 4
1 1745 -94 474397728 4
1 1746 -94 474397728 4
1 1747 -94 474397728 4
1 1748 -94 474397728 4
1 1749 -94 474397728 4
1 1750 -94 474397728 4
1 1751 -95 474397728 4
1 1752 -94 474397728 4
1 1753 -94 474397728 4
1 1754 -94 474397728 4
1 1755 -93 474397728 4
1 1756 -95 474397728 4
1 1757 -94 474397728 4
1 1758 -94 474397728 4
1 1759 -94 474397728 4
1 1760 -93 474397728 4
1 1761 -94 474397728 4
1 1762 -94 474397728 4
1 1763 -94 474397728 4
1 1764 -94 474397728 4
1 1765 -94 474397728 4
1 1766 -94 474397728 4
1 1767 -94 474397728 4
1 1768 -94 474397728 4
1 1769 -94 474397728 4
1 1770 -94 474397728 4
1 1771 -93 474397728 4
1 1772 -94 474397728 4
1 1773 -95 474397728 4
1 1774 -94 474397728 4
1 1775 -93 474397728 4
1 1776 -94 474397728 4
1 1777 -94 474397728 4
1 1778 -94 474397728 4
1 1779 -94 474397728 4
1 1780 -94 474397728 4
1 1781 -94 474397728 4
1 1782 -94 474397728 4
1 1783 -94 474397728 4
1 1784 -94 474397728 4
1 1785 -94 474397728 4
1 1786 -94 474397728 4
1 1787 -94 474397728 4
1 1788 -94 474397728 4
1 1789 -94 474397728 4
1 1790 -93 474397728 4
1 1791 -95 474397728 4
1 1792 -94 474397728 4
1 1793 -94 474397728 4
1 1794 -94 474397728 4
1 1795 -95 474397728 4
1 1796 -94 474397728 4
1 1797 -94 474397728 4
1 1798 -94 474397728 4
1 1799 -94 474397728 4
1 1800 -94 474397728 4
1 1801 -94 474397728 4
1 1802 -94 474397728 4
1 1803 -94 474397728 4
1 1804 -94 474397728 4
1 1805 -94 474397728 4
1 1806 -94 474397728 4
1 1807 -94 474397728 4
1 1808 -93 474397728 4
1 1809 -94 474397728 4
1 1810 -94 474397728 4
1 1811 -93 474397728 4
1 1812 -94 474397728 4
1 1813 -94 474397728 4
1 1814 -93 474397728 4
1 1815 -94 474397728 4
1 1816 -94 474397728 4
1 1817 -94 474397728 4
1 1818 -94 474397728 4
1 1819 -94 474397728 4
1 1820 -94 474397728 4
1 1821 -95 474397728 4
1 1822 -94 474397728 4
1 1823 -94 474397728 4
1 1824 -93 474397728 4
1 1825 -94 474397728 4
1 1826 -94 474397728 4
1 1827 -94 474397728 4
1 1828 -93 474397728 4
1 1829 -94 474397728 4
1 1830 -94 474397728 4
1 1831 -93 474397728 4
1 1832 -94 474397728 4
1 1833 -94 474397728 4
1 1834 -94 474397728 4
1 1835 -94 474397728 4
1 1836 -94 474397728 4
1 1837 -94 474397728 4
1 1838 -94 474397728 4
1 1839 -93 474397728 4
1 1840 -95 474397728 4
1 1841 -94 474397728 4
1 1842 -94 474397728 4
1 1843 -94 474397728 4
1 1844 -94 474397728 4
1 1845 -94 474397728 4
1 1846 -94 474397728 4
1 1847 -94 474397728 4
1 1848 -94 474397728 4
1 1849 -93 474397728 4
1 1850 -94 474397728 4
1 1851 -94 474397728 4
1 1852 -94 474397728 4
1 1853 -94 474397728 4
1 1854 -93 474397728 4
1 1855 -94 474397728 4
1 1856 -94 474397728 4
1 1857 -95 474397728 4
1 1858 -94 474397728 4
1 1859 -94 474397728 4
1 1860 -94 474397728 4
1 1861 -94 474397728 4
1 1862 -94 474397728 4
1 1863 -94 474397728 4
1 1864 -94 474397728 4
1 1865 -95 474397728 4
1 1866 -94 474397728 4
1 1867 -94 474397728 4
1 1868 -94 474397728 4
1 1869 -94 474397728 4
1 1870 -94 474397728 4
1 1871 -93 474397728 4
1 1872 -94 474397728 4
1 1873 -94 474397728 4
1 1874 -93 474397728 4
1 1875 -94 474397728 4
1 1876 -94 474397728 4
1 1877 -94 474397728 4
1 1878 -94 474397728 4
1 1879 -94 474397728 4
1 1880 -94 474397728 4
1 1881 -94 474397728 4
1 1882 -94 474397728 4
1 1883 -93 474397728 4
1 1884 -94 474397728 4
1 1885 -94 474397728 4
1 1886 -94 474397728 4
1 1887 -94 474397728 4
1 1888 -93 474397728 4
1 1889 -94 474397728 4
1 1890 -94 474397728 4
1 1891 -94 474397728 4
1 1892 -94 474397728 4
1 1893 -93 474397728 4
1 1894 -93 474397728 4
1 1895 -94 474397728 4
1 1896 -94 474397728 4
1 1897 -94 474397728 4
1 1898 -94 474397728 4
1 1899 -94 474397728 4
1 1900 -93 474397728 4
1 1901 -94 474397728 4
1 1902 -94 474397728 4
1 1903 -94 474397728 4
1 1904 -94 474397728 4
1 1905 -94 474397728 4
1 1906 -94 474397728 4
1 1907 -94 474397728 4
1 1908 -94 474397728 4
1 1909 -94 474397728 4
1 1910 -94 474397728 4
1 1911 -95 474397728 4
1 1912 -94 474397728 4
1 1913 -94 474397728 4
1 1914 -94 474397728 4
1 1915 -94 474397728 4
1 1916 -94 474397728 4
1 1917 -94 474397728 4
1 1918 -94 474397728 4
1 1919 -93 474397728 4
1 1920 -93 474397728 4
1 1921 -94 474397728 4
1 1922 -94 474397728 4
1 1923 -94 474397728 4
1 1924 -93 474397728 4
1 1925 -94 474397728 4
1 1926 -94 474397728 4
1 1927 -94 474397728 4
1 1928 -94 474397728 4
1 1929 -93 474397728 4
1 1930 -93 474397728 4
1 1931 -94 474397728 4
1 1932 -93 474397728 4
1 1933 -94 474397728 4
1 1934 -94 474397728 4
1 1935 -94 474397728 4
1 1936 -94 474397728 4
1 1937 -94 474397728 4
1 1938 -94 474397728 4
1 1939 -94 474397728 4
1 1940 -94 474397728 4
1 1941 -94 474397728 4
1 1942 -94 474397728 4
1 1943 -94 474397728 4
1 1944 -94 474397728 4
1 1945 -94 474397728 4
1 1946 -94 474397728 4
1 1947 -94 474397728 4
1 1948 -94 474397728 4
1 1949 -94 474397728 4
1 1950 -94 474397728 4
1 1951 -95 474397728 4
1 1952 -94 474397728 4
1 1953 -95 474397728 4
1 1954 -94 474397728 4
1 1955 -94 474397728 4
1 1956 -93 474397728 4
1 1957 -93 474397728 4
1 1958 -93 474397728 4
1 1959 -94 474397728 4
1 1960 -94 474397728 4
1 1961 -94 474397728 4
1 1962 -94 474397728 4
1 1963 -93 474397728 4
1 1964 -94 474397728 4
1 1965 -94 474397728 4
1 1966 -94 474397728 4
1 1967 -94 474397728 4
1 1968 -94 474397728 4
1 1969 -93 474397728 4
1 1970 -93 474397728 4
1 1971 -94 474397728 4
1 1972 -94 474397728 4
1 1973 -93 474397728 4
1 1974 -93 474397728 4
1 1975 -94 474397728 4
1 1976 -94 474397728 4
1 1977 -94 474397728 4
1 1978 -94 474397728 4
1 1979 -94 474397728 4
1 1980 -94 474397728 4
1 1981 -94 474397728 4
1 1982 -94 474397728 4
1 1983 -94 474397728 4
1 1984 -94 474397728 4
1 1985 -94 474397728 4
1 1986 -95 474397728 4
1 1987 -94 474397728 4
1 1988 -94 474397728 4
1 1989 -94 474397728 4
1 1990 -94 474397728 4
1 1991 -94 474397728 4
1 1992 -94 474397728 4
1 1993 -94 474397728 4
1 1994 -94 474397728 4
1 1995 -94 474397728 4
1 1996 -94 474397728 4
1 1997 -93 474397728 4
1 1998 -93 474397728 4
1 1999 -93 474397728 4
1 2000 -94 474397728 4
1 2001 -94 474397728 4
1 2002 -93 474397728 4
1 2003 -94 474397728 4
1 2004 -94 474397728 4
1 2005 -94 474397728 4
1 2006 -94 474397728 4
1 2007 -94 474397728 4
1 2008 -94 474397728 4
1 2009 -94 474397728 4
1 2010 -93 474397728 4
1 2011 -94 474397728 4
1 2012 -94 474397728 4
1 2013 -94 474397728 4
1 2014 -94 474397728 4
1 2015 -94 474397728 4
1 2016 -94 474397728 4
1 2017 -94 474397728 4
1 2018 -94 474397728 4
1 2019 -94 474397728 4
1 2020 -94 474397728 4
1 2021 -94 474397728 4
1 2022 -94 474397728 4
1 2023 -93 474397728 4
1 2024 -93 474397728 4
1 2025 -93 474397728 4
1 2026 -93 474397728 4
1 2027 -76 474397728 4
1 2028 -76 474397728 4
1 2029 -94 474397728 4
1 2030 -94 474397728 4
1 2031 -93 474397728 4
1 2032 -94 474397728 4
1 2033 -94 474397728 4
1 2034 -93 474397728 4
1 2035 -93 474397728 4
1 2036 -94 474397728 4
1 2037 -94 474397728 4
1 2038 -94 474397728 4
1 2039 -94 474397728 4
1 2040 -94 474397728 4
1 2041 -94 474397728 4
1 2042 -94 474397728 4
1 2043 -94 474397728 4
1 2044 -94 474397728 4
1 2045 -94 474397728 4
1 2046 -94 474397728 4
1 2047 -95 474397728 4
1 2048 -94 474397728 4
1 2049 -94 474602464 5
1 2050 -94 474602464 5
1 2051 -94 474602464 5
1 2052 -94 474602464 5
1 2053 -93 474602464 5
1 2054 -94 474602464 5
1 2055 -93 474602464 5
1 2056 -93 474602464 5
1 2057 -94 474602464 5
1 2058 -93 474602464 5
1 2059 -93 474602464 5
1 2060 -94 474602464 5
1 2061 -94 474602464 5
1 2062 -94 474602464 5
1 2063 -94 474602464 5
1 2064 -93 474602464 5
1 2065 -94 474602464 5
1 2066 -93 474602464 5
1 2067 -93 474602464 5
1 2068 -94 474602464 5
1 2069 -94 474602464 5
1 2070 -94 474602464 5
1 2071 -94 474602464 5
1 2072 -94 474602464 5
1 2073 -94 474602464 5
1 2074 -93 474602464 5
1 2075 -94 474602464 5
1 2076 -94 474602464 5
1 2077 -93 474602464 5
1 2078 -94 474602464 5
1 2079 -94 474602464 5
1 2080 -94 474602464 5
1 2081 -94 474602464 5
1 2082 -94 474602464 5
1 2083 -94 474602464 5
1 2084 -94 474602464 5
1 2085 -94 474602464 5
1 2086 -94 474602464 5
1 2087 -94 474602464 5
1 2088 -94 474602464 5
1 2089 -94 474602464 5
1 2090 -93 474602464 5
1 2091 -94 474602464 5
1 2092 -94 474602464 5
1 2093 -94 474602464 5
1 2094 -94 474602464 5
1 2095 -94 474602464 5
1 2096 -94 474602464 5
1 2097 -94 474602464 5
1 2098 -94 474602464 5
1 2099 -94 474602464 5
1 2100 -94 474602464 5
1 2101 -94 474602464 5
1 2102 -94 474602464 5
1 2103 -94 474602464 5
1 2104 -94 474602464 5
1 2105 -93 474602464 5
1 2106 -94 474602464 5
1 2107 -93 474602464 5
1 2108 -94 474602464 5
1 2109 -94 474602464 5
1 2110 -94 474602464 5
1 2111 -94 474602464 5
1 2112 -94 474602464 5
1 2113 -93 474602464 5
1 2114 -94 474602464 5
1 2115 -94 474602464 5
1 2116 -93 474602464 5
1 2117 -94 474602464 5
1 2118 -94 474602464 5
1 2119 -94 474602464 5
1 2120 -94 474602464 5
1 2121 -94 474602464 5
1 2122 -94 474602464 5
1 2123 -94 474602464 5
1 2124 -94 474602464 5
1 2125 -94 474602464 5
1 2126 -94 474602464 5
1 2127 -94 474602464 5
1 2128 -94 474602464 5
1 2129 -94 474602464 5
1 2130 -93 474602464 5
1 2131 -94 474602464 5
1 2132 -94 474602464 5
1 2133 -94 474602464 5
1 2134 -94 474602464 5
1 2135 -94 474602464 5
1 2136 -94 474602464 5
1 2137 -94 474602464 5
1 2138 -94 474602464 5
1 2139 -94 474602464 5
1 2140 -93 474602464 5
1 2141 -94 474602464 5
1 2142 -94 474602464 5
1 2143 -94 474602464 5
1 2144 -94 474602464 5
1 2145 -93 474602464 5
1 2146 -94 474602464 5
1 2147 -94 474602464 5
1 2148 -93 474602464 5
1 2149 -94 474602464 5
1 2150 -95 474602464 5
1 2151 -94 474602464 5
1 2152 -94 474602464 5
1 2153 -94 474602464 5
1 2154 -94 474602464 5
1 2155 -94 474602464 5
1 2156 -94 474602464 5
1 2157 -94 474602464 5
1 2158 -93 474602464 5
1 2159 -94 474602464 5
1 2160 -94 474602464 5
1 2161 -94 474602464 5
1 2162 -93 474602464 5
1 2163 -93 474602464 5
1 2164 -93 474602464 5
1 2165 -94 474602464 5
1 2166 -94 474602464 5
1 2167 -93 474602464 5
1 2168 -94 474602464 5
1 2169 -94 474602464 5
1 2170 -94 474602464 5
1 2171 -94 474602464 5
1 2172 -93 474602464 5
1 2173 -94 474602464 5
1 2174 -94 474602464 5
1 2175 -94 474602464 5
1 2176 -94 474602464 5
1 2177 -94 474602464 5
1 2178 -94 474602464 5
1 2179 -94 474602464 5
1 2180 -94 474602464 5
1 2181 -94 474602464 5
1 2182 -94 474602464 5
1 2183 -94 474602464 5
1 2184 -94 474602464 5
1 2185 -94 474602464 5
1 2186 -94 474602464 5
1 2187 -94 474602464 5
1 2188 -94 474602464 5
1 2189 -94 474602464 5
1 2190 -94 474602464 5
1 2191 -94 474602464 5
1 2192 -93 474602464 5
1 2193 -94 474602464 5
1 2194 -93 474602464 5
1 2195 -94 474602464 5
1 2196 -94 474602464 5
1 2197 -93 474602464 5
1 2198 -93 474602464 5
1 2199 -94 474602464 5
1 2200 -93 474602464 5
1 2201 -76 474602464 5
1 2202 -78 474602464 5
1 2203 -93 474602464 5
1 2204 -94 474602464 5
1 2205 -93 474602464 5
1 2206 -94 474602464 5
1 2207 -94 474602464 5
1 2208 -94 474602464 5
1 2209 -94 474602464 5
1 2210 -93 474602464 5
1 2211 -94 474602464 5
1 2212 -94 474602464 5
1 2213 -94 474602464 5
1 2214 -94 474602464 5
1 2215 -94 474602464 5
1 2216 -94 474602464 5
1 2217 -94 474602464 5
1 2218 -94 474602464 5
1 2219 -93 474602464 5
1 2220 -94 474602464 5
1 2221 -94 474602464 5
1 2222 -94 474602464 5
1 2223 -94 474602464 5
1 2224 -94 474602464 5
1 2225 -94 474602464 5
1 2226 -94 474602464 5
1 2227 -94 474602464 5
1 2228 -94 474602464 5
1 2229 -94 474602464 5
1 2230 -94 474602464 5
1 2231 -94 474602464 5
1 2232 -94 474602464 5
1 2233 -94 474602464 5
1 2234 -94 474602464 5
1 2235 -94 474602464 5
1 2236 -94 474602464 5
1 2237 -93 474602464 5
1 2238 -93 474602464 5
1 2239 -94 474602464 5
1 2240 -94 474602464 5
1 2241 -93 474602464 5
1 2242 -94 474602464 5
1 2243 -94 474602464 5
1 2244 -94 474602464 5
1 2245 -93 474602464 5
1 2246 -94 474602464 5
1 2247 -94 474602464 5
1 2248 -93 474602464 5
1 2249 -93 474602464 5
1 2250 -94 474602464 5
1 2251 -93 474602464 5
1 2252 -94 474602464 5
1 2253 -95 474602464 5
1 2254 -93 474602464 5
1 2255 -94 474602464 5
1 2256 -94 474602464 5
1 2257 -94 474602464 5
1 2258 -94 474602464 5
1 2259 -94 474602464 5
1 2260 -93 474602464 5
1 2261 -94 474602464 5
1 2262 -94 474602464 5
1 2263 -94 474602464 5
1 2264 -93 474602464 5
1 2265 -94 474602464 5
1 2266 -94 474602464 5
1 2267 -94 474602464 5
1 2268 -94 474602464 5
1 2269 -94 474602464 5
1 2270 -94 474602464 5
1 2271 -94 474602464 5
1 2272 -95 474602464 5
1 2273 -93 474602464 5
1 2274 -95 474602464 5
1 2275 -94 474602464 5
1 2276 -94 474602464 5
1 2277 -94 474602464 5
1 2278 -94 474602464 5
1 2279 -94 474602464 5
1 2280 -94 474602464 5
1 2281 -94 474602464 5
1 2282 -94 474602464 5
1 2283 -94 474602464 5
1 2284 -94 474602464 5
1 2285 -93 474602464 5
1 2286 -94 474602464 5
1 2287 -93 474602464 5
1 2288 -94 474602464 5
1 2289 -94 474602464 5
1 2290 -94 474602464 5
1 2291 -94 474602464 5
1 2292 -94 474602464 5
1 2293 -95 474602464 5
1 2294 -94 474602464 5
1 2295 -93 474602464 5
1 2296 -94 474602464 5
1 2297 -94 474602464 5
1 2298 -94 474602464 5
1 2299 -94 474602464 5
1 2300 -94 474602464 5
1 2301 -94 474602464 5
1 2302 -94 474602464 5
1 2303 -93 474602464 5
1 2304 -94 474602464 5
1 2305 -93 474602464 5
1 2306 -93 474602464 5
1 2307 -94 474602464 5
1 2308 -93 474602464 5
1 2309 -94 474602464 5
1 2310 -93 474602464 5
1 2311 -94 474602464 5
1 2312 -94 474602464 5
1 2313 -94 474602464 5
1 2314 -94 474602464 5
1 2315 -94 474602464 5
1 2316 -94 474602464 5
1 2317 -94 474602464 5
1 2318 -94 474602464 5
1 2319 -94 474602464 5
1 2320 -94 474602464 5
1 2321 -94 474602464 5
1 2322 -94 474602464 5
1 2323 -94 474602464 5
1 2324 -94 474602464 5
1 2325 -94 474602464 5
1 2326 -94 474602464 5
1 2327 -94 474602464 5
1 2328 -94 474602464 5
1 2329 -94 474602464 5
1 2330 -94 474602464 5
1 2331 -94 474602464 5
1 2332 -94 474602464 5
1 2333 -94 474602464 5
1 2334 -94 474602464 5
1 2335 -94 474602464 5
1 2336 -94 474602464 5
1 2337 -94 474602464 5
1 2338 -94 474602464 5
1 2339 -94 474602464 5
1 2340 -94 474602464 5
1 2341 -94 474602464 5
1 2342 -94 474602464 5
1 2343 -94 474602464 5
1 2344 -94 474602464 5
1 2345 -94 474602464 5
1 2346 -94 474602464 5
1 2347 -94 474602464 5
1 2348 -94 474602464 5
1 2349 -94 474602464 5
1 2350 -95 474602464 5
1 2351 -94 474602464 5
1 2352 -94 474602464 5
1 2353 -94 474602464 5
1 2354 -94 474602464 5
1 2355 -94 474602464 5
1 2356 -94 474602464 5
1 2357 -94 474602464 5
1 2358 -94 474602464 5
1 2359 -94 474602464 5
1 2360 -94 474602464 5
1 2361 -94 474602464 5
1 2362 -94 474602464 5
1 2363 -94 474602464 5
1 2364 -93 474602464 5
1 2365 -94 474602464 5
1 2366 -94 474602464 5
1 2367 -94 474602464 5
1 2368 -94 474602464 5
1 2369 -94 474602464 5
1 2370 -94 474602464 5
1 2371 -94 474602464 5
1 2372 -94 474602464 5
1 2373 -94 474602464 5
1 2374 -94 474602464 5
1 2375 -94 474602464 5
1 2376 -93 474602464 5
1 2377 -94 474602464 5
1 2378 -94 474602464 5
1 2379 -94 474602464 5
1 2380 -93 474602464 5
1 2381 -94 474602464 5
1 2382 -94 474602464 5
1 2383 -94 474602464 5
1 2384 -94 474602464 5
1 2385 -94 474602464 5
1 2386 -94 474602464 5
1 2387 -94 474602464 5
1 2388 -94 474602464 5
1 2389 -94 474602464 5
1 2390 -94 474602464 5
1 2391 -94 474602464 5
1 2392 -94 474602464 5
1 2393 -94 474602464 5
1 2394 -94 474602464 5
1 2395 -94 474602464 5
1 2396 -94 474602464 5
1 2397 -94 474602464 5
1 2398 -95 474602464 5
1 2399 -93 474602464 5
1 2400 -93 474602464 5
1 2401 -94 474602464 5
1 2402 -94 474602464 5
1 2403 -94 474602464 5
1 2404 -93 474602464 5
1 2405 -94 474602464 5
1 2406 -93 474602464 5
1 2407 -94 474602464 5
1 2408 -95 474602464 5
1 2409 -94 474602464 5
1 2410 -94 474602464 5
1 2411 -94 474602464 5
1 2412 -94 474602464 5
1 2413 -94 474602464 5
1 2414 -94 474602464 5
1 2415 -93 474602464 5
1 2416 -94 474602464 5
1 2417 -94 474602464 5
1 2418 -94 474602464 5
1 2419 -94 474602464 5
1 2420 -93 474602464 5
1 2421 -94 474602464 5
1 2422 -93 474602464 5
1 2423 -94 474602464 5
1 2424 -94 474602464 5
1 2425 -94 474602464 5
1 2426 -94 474602464 5
1 2427 -94 474602464 5
1 2428 -94 474602464 5
1 2429 -95 474602464 5
1 2430 -93 474602464 5
1 2431 -95 474602464 5
1 2432 -94 474602464 5
1 2433 -93 474602464 5
1 2434 -93 474602464 5
1 2435 -94 474602464 5
1 2436 -94 474602464 5
1 2437 -94 474602464 5
1 2438 -93 474602464 5
1 2439 -94 474602464 5
1 2440 -94 474602464 5
1 2441 -94 474602464 5
1 2442 -94 474602464 5
1 2443 -94 474602464 5
1 2444 -94 474602464 5
1 2445 -94 474602464 5
1 2446 -94 474602464 5
1 2447 -93 474602464 5
1 2448 -94 474602464 5
1 2449 -94 474602464 5
1 2450 -94 474602464 5
1 2451 -93 474602464 5
1 2452 -94 474602464 5
1 2453 -93 474602464 5
1 2454 -94 474602464 5
1 2455 -94 474602464 5
1 2456 -93 474602464 5
1 2457 -94 474602464 5
1 2458 -93 474602464 5
1 2459 -94 474602464 5
1 2460 -94 474602464 5
1 2461 -94 474602464 5
1 2462 -94 474602464 5
1 2463 -93 474602464 5
1 2464 -94 474602464 5
1 2465 -94 474602464 5
1 2466 -94 474602464 5
1 2467 -93 474602464 5
1 2468 -94 474602464 5
1 2469 -94 474602464 5
1 2470 -94 474602464 5
1 2471 -94 474602464 5
1 2472 -94 474602464 5
1 2473 -93 474602464 5
1 2474 -94 474602464 5
1 2475 -94 474602464 5
1 2476 -94 474602464 5
1 2477 -80 474602464 5
1 2478 -76 474602464 5
1 2479 -94 474602464 5
1 2480 -94 474602464 5
1 2481 -94 474602464 5
1 2482 -94 474602464 5
1 2483 -93 474602464 5
1 2484 -94 474602464 5
1 2485 -93 474602464 5
1 2486 -94 474602464 5
1 2487 -94 474602464 5
1 2488 -94 474602464 5
1 2489 -94 474602464 5
1 2490 -94 474602464 5
1 2491 -94 474602464 5
1 2492 -94 474602464 5
1 2493 -94 474602464 5
1 2494 -94 474602464 5
1 2495 -94 474602464 5
1 2496 -95 474602464 5
1 2497 -95 474602464 5
1 2498 -94 474602464 5
1 2499 -94 474602464 5
1 2500 -94 474602464 5
1 2501 -93 474602464 5
1 2502 -94 474602464 5
1 2503 -94 474602464 5
1 2504 -94 474602464 5
1 2505 -94 474602464 5
1 2506 -93 474602464 5
1 2507 -94 474602464 5
1 2508 -94 474602464 5
1 2509 -94 474602464 5
1 2510 -94 474602464 5
1 2511 -93 474602464 5
1 2512 -94 474602464 5
1 2513 -93 474602464 5
1 2514 -94 474602464 5
1 2515 -94 474602464 5
1 2516 -93 474602464 5
1 2517 -94 474602464 5
1 2518 -94 474602464 5
1 2519 -94 474602464 5
1 2520 -94 474602464 5
1 2521 -94 474602464 5
1 2522 -94 474602464 5
1 2523 -95 474602464 5
1 2524 -94 474602464 5
1 2525 -94 474602464 5
1 2526 -94 474602464 5
1 2527 -94 474602464 5
1 2528 -93 474602464 5
1 2529 -93 474602464 5
1 2530 -93 474602464 5
1 2531 -94 474602464 5
1 2532 -93 474602464 5
1 2533 -94 474602464 5
1 2534 -94 474602464 5
1 2535 -93 474602464 5
1 2536 -94 474602464 5
1 2537 -93 474602464 5
1 2538 -94 474602464 5
1 2539 -94 474602464 5
1 2540 -93 474602464 5
1 2541 -94 474602464 5
1 2542 -94 474602464 5
1 2543 -93 474602464 5
1 2544 -94 474602464 5
1 2545 -93 474602464 5
1 2546 -94 474602464 5
1 2547 -93 474602464 5
1 2548 -93 474602464 5
1 2549 -93 474602464 5
1 2550 -94 474602464 5
1 2551 -94 474602464 5
1 2552 -94 474602464 5
1 2553 -94 474602464 5
1 2554 -94 474602464 5
1 2555 -94 474602464 5
1 2556 -94 474602464 5
1 2557 -94 474602464 5
1 2558 -94 474602464 5
1 2559 -92 474602464 5
1 2560 -94 474602464 5
