*** RSS data with 4 KHz sampling ***

[Node Id] [Sequence No] [RSSI(dBm)] [TimeStamp(us)] [Counter No]

1 1 -97 55556928 1
1 2 -97 55556928 1
1 3 -97 55556928 1
1 4 -97 55556928 1
1 5 -97 55556928 1
1 6 -97 55556928 1
1 7 -97 55556928 1
1 8 -98 55556928 1
1 9 -97 55556928 1
1 10 -96 55556928 1
1 11 -97 55556928 1
1 12 -97 55556928 1
1 13 -97 55556928 1
1 14 -98 55556928 1
1 15 -97 55556928 1
1 16 -97 55556928 1
1 17 -98 55556928 1
1 18 -97 55556928 1
1 19 -98 55556928 1
1 20 -97 55556928 1
1 21 -97 55556928 1
1 22 -97 55556928 1
1 23 -97 55556928 1
1 24 -97 55556928 1
1 25 -98 55556928 1
1 26 -96 55556928 1
1 27 -97 55556928 1
1 28 -97 55556928 1
1 29 -97 55556928 1
1 30 -97 55556928 1
1 31 -97 55556928 1
1 32 -97 55556928 1
1 33 -97 55556928 1
1 34 -97 55556928 1
1 35 -98 55556928 1
1 36 -97 55556928 1
1 37 -97 55556928 1
1 38 -97 55556928 1
1 39 -66 55556928 1
1 40 -66 55556928 1
1 41 -66 55556928 1
1 42 -54 55556928 1
1 43 -54 55556928 1
1 44 -54 55556928 1
1 45 -54 55556928 1
1 46 -54 55556928 1
1 47 -54 55556928 1
1 48 -56 55556928 1
1 49 -54 55556928 1
1 50 -54 55556928 1
1 51 -54 55556928 1
1 52 -54 55556928 1
1 53 -49 55556928 1
1 54 -49 55556928 1
1 55 -49 55556928 1
1 56 -46 55556928 1
1 57 -46 55556928 1
1 58 -46 55556928 1
1 59 -46 55556928 1
1 60 -46 55556928 1
1 61 -46 55556928 1
1 62 -46 55556928 1
1 63 -46 55556928 1
1 64 -56 55556928 1
1 65 -65 55556928 1
1 66 -65 55556928 1
1 67 -65 55556928 1
1 68 -65 55556928 1
1 69 -65 55556928 1
1 70 -65 55556928 1
1 71 -65 55556928 1
1 72 -65 55556928 1
1 73 -65 55556928 1
1 74 -97 55556928 1
1 75 -97 55556928 1
1 76 -98 55556928 1
1 77 -48 55556928 1
1 78 -45 55556928 1
1 79 -97 55556928 1
1 80 -97 55556928 1
1 81 -65 55556928 1
1 82 -65 55556928 1
1 83 -65 55556928 1
1 84 -65 55556928 1
1 85 -52 55556928 1
1 86 -52 55556928 1
1 87 -52 55556928 1
1 88 -52 55556928 1
1 89 -52 55556928 1
1 90 -52 55556928 1
1 91 -59 55556928 1
1 92 -53 55556928 1
1 93 -52 55556928 1
1 94 -52 55556928 1
1 95 -49 55556928 1
1 96 -49 55556928 1
1 97 -49 55556928 1
1 98 -49 55556928 1
1 99 -49 55556928 1
1 100 -49 55556928 1
1 101 -48 55556928 1
1 102 -46 55556928 1
1 103 -46 55556928 1
1 104 -46 55556928 1
1 105 -46 55556928 1
1 106 -46 55556928 1
1 107 -56 55556928 1
1 108 -65 55556928 1
1 109 -65 55556928 1
1 110 -65 55556928 1
1 111 -65 55556928 1
1 112 -65 55556928 1
1 113 -65 55556928 1
1 114 -65 55556928 1
1 115 -65 55556928 1
1 116 -97 55556928 1
1 117 -97 55556928 1
1 118 -97 55556928 1
1 119 -98 55556928 1
1 120 -97 55556928 1
1 121 -97 55556928 1
1 122 -75 55556928 1
1 123 -65 55556928 1
1 124 -52 55556928 1
1 125 -54 55556928 1
1 126 -65 55556928 1
1 127 -65 55556928 1
1 128 -65 55556928 1
1 129 -65 55556928 1
1 130 -63 55556928 1
1 131 -52 55556928 1
1 132 -52 55556928 1
1 133 -52 55556928 1
1 134 -52 55556928 1
1 135 -52 55556928 1
1 136 -52 55556928 1
1 137 -46 55556928 1
1 138 -46 55556928 1
1 139 -46 55556928 1
1 140 -46 55556928 1
1 141 -46 55556928 1
1 142 -88 55556928 1
1 143 -65 55556928 1
1 144 -65 55556928 1
1 145 -65 55556928 1
1 146 -65 55556928 1
1 147 -65 55556928 1
1 148 -65 55556928 1
1 149 -65 55556928 1
1 150 -65 55556928 1
1 151 -65 55556928 1
1 152 -65 55556928 1
1 153 -65 55556928 1
1 154 -65 55556928 1
1 155 -65 55556928 1
1 156 -65 55556928 1
1 157 -89 55556928 1
1 158 -97 55556928 1
1 159 -97 55556928 1
1 160 -97 55556928 1
1 161 -97 55556928 1
1 162 -97 55556928 1
1 163 -97 55556928 1
1 164 -78 55556928 1
1 165 -65 55556928 1
1 166 -65 55556928 1
1 167 -65 55556928 1
1 168 -65 55556928 1
1 169 -65 55556928 1
1 170 -65 55556928 1
1 171 -65 55556928 1
1 172 -65 55556928 1
1 173 -65 55556928 1
1 174 -65 55556928 1
1 175 -65 55556928 1
1 176 -65 55556928 1
1 177 -65 55556928 1
1 178 -65 55556928 1
1 179 -97 55556928 1
1 180 -97 55556928 1
1 181 -97 55556928 1
1 182 -97 55556928 1
1 183 -98 55556928 1
1 184 -97 55556928 1
1 185 -79 55556928 1
1 186 -66 55556928 1
1 187 -66 55556928 1
1 188 -66 55556928 1
1 189 -66 55556928 1
1 190 -66 55556928 1
1 191 -66 55556928 1
1 192 -66 55556928 1
1 193 -65 55556928 1
1 194 -66 55556928 1
1 195 -66 55556928 1
1 196 -66 55556928 1
1 197 -66 55556928 1
1 198 -65 55556928 1
1 199 -66 55556928 1
1 200 -97 55556928 1
1 201 -97 55556928 1
1 202 -97 55556928 1
1 203 -97 55556928 1
1 204 -97 55556928 1
1 205 -97 55556928 1
1 206 -71 55556928 1
1 207 -65 55556928 1
1 208 -65 55556928 1
1 209 -65 55556928 1
1 210 -65 55556928 1
1 211 -65 55556928 1
1 212 -65 55556928 1
1 213 -65 55556928 1
1 214 -65 55556928 1
1 215 -65 55556928 1
1 216 -65 55556928 1
1 217 -65 55556928 1
1 218 -65 55556928 1
1 219 -65 55556928 1
1 220 -65 55556928 1
1 221 -97 55556928 1
1 222 -97 55556928 1
1 223 -97 55556928 1
1 224 -97 55556928 1
1 225 -97 55556928 1
1 226 -97 55556928 1
1 227 -65 55556928 1
1 228 -66 55556928 1
1 229 -65 55556928 1
1 230 -66 55556928 1
1 231 -66 55556928 1
1 232 -66 55556928 1
1 233 -66 55556928 1
1 234 -66 55556928 1
1 235 -66 55556928 1
1 236 -66 55556928 1
1 237 -66 55556928 1
1 238 -66 55556928 1
1 239 -66 55556928 1
1 240 -65 55556928 1
1 241 -90 55556928 1
1 242 -97 55556928 1
1 243 -98 55556928 1
1 244 -97 55556928 1
1 245 -97 55556928 1
1 246 -97 55556928 1
1 247 -97 55556928 1
1 248 -83 55556928 1
1 249 -65 55556928 1
1 250 -65 55556928 1
1 251 -65 55556928 1
1 252 -65 55556928 1
1 253 -65 55556928 1
1 254 -65 55556928 1
1 255 -65 55556928 1
1 256 -65 55556928 1
1 257 -65 55556928 1
1 258 -65 55556928 1
1 259 -65 55556928 1
1 260 -65 55556928 1
1 261 -65 55556928 1
1 262 -65 55556928 1
1 263 -97 55556928 1
1 264 -97 55556928 1
1 265 -97 55556928 1
1 266 -97 55556928 1
1 267 -97 55556928 1
1 268 -97 55556928 1
1 269 -80 55556928 1
1 270 -65 55556928 1
1 271 -65 55556928 1
1 272 -65 55556928 1
1 273 -65 55556928 1
1 274 -65 55556928 1
1 275 -65 55556928 1
1 276 -65 55556928 1
1 277 -65 55556928 1
1 278 -65 55556928 1
1 279 -65 55556928 1
1 280 -65 55556928 1
1 281 -65 55556928 1
1 282 -65 55556928 1
1 283 -65 55556928 1
1 284 -97 55556928 1
1 285 -98 55556928 1
1 286 -98 55556928 1
1 287 -98 55556928 1
1 288 -97 55556928 1
1 289 -97 55556928 1
1 290 -78 55556928 1
1 291 -65 55556928 1
1 292 -65 55556928 1
1 293 -65 55556928 1
1 294 -65 55556928 1
1 295 -65 55556928 1
1 296 -65 55556928 1
1 297 -65 55556928 1
1 298 -65 55556928 1
1 299 -65 55556928 1
1 300 -65 55556928 1
1 301 -65 55556928 1
1 302 -65 55556928 1
1 303 -65 55556928 1
1 304 -65 55556928 1
1 305 -97 55556928 1
1 306 -97 55556928 1
1 307 -97 55556928 1
1 308 -97 55556928 1
1 309 -96 55556928 1
1 310 -94 55556928 1
1 311 -71 55556928 1
1 312 -65 55556928 1
1 313 -65 55556928 1
1 314 -65 55556928 1
1 315 -65 55556928 1
1 316 -65 55556928 1
1 317 -65 55556928 1
1 318 -65 55556928 1
1 319 -65 55556928 1
1 320 -65 55556928 1
1 321 -65 55556928 1
1 322 -65 55556928 1
1 323 -65 55556928 1
1 324 -65 55556928 1
1 325 -65 55556928 1
1 326 -97 55556928 1
1 327 -97 55556928 1
1 328 -97 55556928 1
1 329 -97 55556928 1
1 330 -97 55556928 1
1 331 -97 55556928 1
1 332 -65 55556928 1
1 333 -66 55556928 1
1 334 -66 55556928 1
1 335 -65 55556928 1
1 336 -65 55556928 1
1 337 -66 55556928 1
1 338 -66 55556928 1
1 339 -65 55556928 1
1 340 -66 55556928 1
1 341 -66 55556928 1
1 342 -66 55556928 1
1 343 -65 55556928 1
1 344 -65 55556928 1
1 345 -65 55556928 1
1 346 -90 55556928 1
1 347 -97 55556928 1
1 348 -97 55556928 1
1 349 -97 55556928 1
1 350 -97 55556928 1
1 351 -97 55556928 1
1 352 -97 55556928 1
1 353 -84 55556928 1
1 354 -65 55556928 1
1 355 -65 55556928 1
1 356 -65 55556928 1
1 357 -65 55556928 1
1 358 -65 55556928 1
1 359 -65 55556928 1
1 360 -65 55556928 1
1 361 -65 55556928 1
1 362 -65 55556928 1
1 363 -65 55556928 1
1 364 -65 55556928 1
1 365 -65 55556928 1
1 366 -65 55556928 1
1 367 -65 55556928 1
1 368 -97 55556928 1
1 369 -97 55556928 1
1 370 -97 55556928 1
1 371 -97 55556928 1
1 372 -97 55556928 1
1 373 -97 55556928 1
1 374 -80 55556928 1
1 375 -65 55556928 1
1 376 -65 55556928 1
1 377 -65 55556928 1
1 378 -65 55556928 1
1 379 -65 55556928 1
1 380 -65 55556928 1
1 381 -65 55556928 1
1 382 -65 55556928 1
1 383 -65 55556928 1
1 384 -65 55556928 1
1 385 -65 55556928 1
1 386 -65 55556928 1
1 387 -65 55556928 1
1 388 -65 55556928 1
1 389 -97 55556928 1
1 390 -97 55556928 1
1 391 -97 55556928 1
1 392 -97 55556928 1
1 393 -97 55556928 1
1 394 -97 55556928 1
1 395 -80 55556928 1
1 396 -65 55556928 1
1 397 -65 55556928 1
1 398 -65 55556928 1
1 399 -65 55556928 1
1 400 -65 55556928 1
1 401 -65 55556928 1
1 402 -65 55556928 1
1 403 -65 55556928 1
1 404 -65 55556928 1
1 405 -65 55556928 1
1 406 -65 55556928 1
1 407 -65 55556928 1
1 408 -65 55556928 1
1 409 -65 55556928 1
1 410 -97 55556928 1
1 411 -97 55556928 1
1 412 -97 55556928 1
1 413 -97 55556928 1
1 414 -97 55556928 1
1 415 -97 55556928 1
1 416 -97 55556928 1
1 417 -97 55556928 1
1 418 -97 55556928 1
1 419 -97 55556928 1
1 420 -97 55556928 1
1 421 -97 55556928 1
1 422 -97 55556928 1
1 423 -97 55556928 1
1 424 -97 55556928 1
1 425 -97 55556928 1
1 426 -97 55556928 1
1 427 -97 55556928 1
1 428 -98 55556928 1
1 429 -98 55556928 1
1 430 -98 55556928 1
1 431 -97 55556928 1
1 432 -98 55556928 1
1 433 -97 55556928 1
1 434 -98 55556928 1
1 435 -97 55556928 1
1 436 -97 55556928 1
1 437 -97 55556928 1
1 438 -98 55556928 1
1 439 -97 55556928 1
1 440 -97 55556928 1
1 441 -97 55556928 1
1 442 -97 55556928 1
1 443 -97 55556928 1
1 444 -97 55556928 1
1 445 -97 55556928 1
1 446 -97 55556928 1
1 447 -97 55556928 1
1 448 -97 55556928 1
1 449 -97 55556928 1
1 450 -98 55556928 1
1 451 -98 55556928 1
1 452 -97 55556928 1
1 453 -97 55556928 1
1 454 -97 55556928 1
1 455 -97 55556928 1
1 456 -97 55556928 1
1 457 -97 55556928 1
1 458 -97 55556928 1
1 459 -98 55556928 1
1 460 -97 55556928 1
1 461 -97 55556928 1
1 462 -96 55556928 1
1 463 -97 55556928 1
1 464 -97 55556928 1
1 465 -97 55556928 1
1 466 -97 55556928 1
1 467 -97 55556928 1
1 468 -97 55556928 1
1 469 -97 55556928 1
1 470 -98 55556928 1
1 471 -97 55556928 1
1 472 -96 55556928 1
1 473 -97 55556928 1
1 474 -97 55556928 1
1 475 -97 55556928 1
1 476 -97 55556928 1
1 477 -97 55556928 1
1 478 -97 55556928 1
1 479 -98 55556928 1
1 480 -97 55556928 1
1 481 -97 55556928 1
1 482 -97 55556928 1
1 483 -97 55556928 1
1 484 -98 55556928 1
1 485 -97 55556928 1
1 486 -97 55556928 1
1 487 -97 55556928 1
1 488 -97 55556928 1
1 489 -97 55556928 1
1 490 -98 55556928 1
1 491 -97 55556928 1
1 492 -98 55556928 1
1 493 -97 55556928 1
1 494 -97 55556928 1
1 495 -97 55556928 1
1 496 -97 55556928 1
1 497 -97 55556928 1
1 498 -97 55556928 1
1 499 -98 55556928 1
1 500 -97 55556928 1
1 501 -97 55556928 1
1 502 -97 55556928 1
1 503 -93 55556928 1
1 504 -98 55556928 1
1 505 -97 55556928 1
1 506 -97 55556928 1
1 507 -97 55556928 1
1 508 -97 55556928 1
1 509 -98 55556928 1
1 510 -97 55556928 1
1 511 -97 55556928 1
1 512 -97 55556928 1
1 513 -97 55761696 2
1 514 -97 55761696 2
1 515 -97 55761696 2
1 516 -97 55761696 2
1 517 -97 55761696 2
1 518 -97 55761696 2
1 519 -97 55761696 2
1 520 -97 55761696 2
1 521 -97 55761696 2
1 522 -97 55761696 2
1 523 -97 55761696 2
1 524 -97 55761696 2
1 525 -97 55761696 2
1 526 -97 55761696 2
1 527 -97 55761696 2
1 528 -97 55761696 2
1 529 -97 55761696 2
1 530 -97 55761696 2
1 531 -97 55761696 2
1 532 -97 55761696 2
1 533 -97 55761696 2
1 534 -97 55761696 2
1 535 -97 55761696 2
1 536 -97 55761696 2
1 537 -97 55761696 2
1 538 -98 55761696 2
1 539 -97 55761696 2
1 540 -97 55761696 2
1 541 -97 55761696 2
1 542 -97 55761696 2
1 543 -97 55761696 2
1 544 -97 55761696 2
1 545 -97 55761696 2
1 546 -97 55761696 2
1 547 -97 55761696 2
1 548 -97 55761696 2
1 549 -97 55761696 2
1 550 -93 55761696 2
1 551 -65 55761696 2
1 552 -65 55761696 2
1 553 -65 55761696 2
1 554 -65 55761696 2
1 555 -65 55761696 2
1 556 -65 55761696 2
1 557 -65 55761696 2
1 558 -65 55761696 2
1 559 -65 55761696 2
1 560 -65 55761696 2
1 561 -65 55761696 2
1 562 -65 55761696 2
1 563 -65 55761696 2
1 564 -65 55761696 2
1 565 -98 55761696 2
1 566 -97 55761696 2
1 567 -97 55761696 2
1 568 -97 55761696 2
1 569 -97 55761696 2
1 570 -97 55761696 2
1 571 -97 55761696 2
1 572 -65 55761696 2
1 573 -65 55761696 2
1 574 -65 55761696 2
1 575 -65 55761696 2
1 576 -65 55761696 2
1 577 -65 55761696 2
1 578 -65 55761696 2
1 579 -65 55761696 2
1 580 -65 55761696 2
1 581 -65 55761696 2
1 582 -65 55761696 2
1 583 -65 55761696 2
1 584 -65 55761696 2
1 585 -65 55761696 2
1 586 -89 55761696 2
1 587 -97 55761696 2
1 588 -97 55761696 2
1 589 -97 55761696 2
1 590 -97 55761696 2
1 591 -97 55761696 2
1 592 -97 55761696 2
1 593 -82 55761696 2
1 594 -65 55761696 2
1 595 -65 55761696 2
1 596 -65 55761696 2
1 597 -65 55761696 2
1 598 -65 55761696 2
1 599 -65 55761696 2
1 600 -65 55761696 2
1 601 -65 55761696 2
1 602 -65 55761696 2
1 603 -65 55761696 2
1 604 -65 55761696 2
1 605 -65 55761696 2
1 606 -65 55761696 2
1 607 -65 55761696 2
1 608 -97 55761696 2
1 609 -97 55761696 2
1 610 -96 55761696 2
1 611 -97 55761696 2
1 612 -96 55761696 2
1 613 -97 55761696 2
1 614 -82 55761696 2
1 615 -65 55761696 2
1 616 -65 55761696 2
1 617 -65 55761696 2
1 618 -65 55761696 2
1 619 -65 55761696 2
1 620 -65 55761696 2
1 621 -65 55761696 2
1 622 -65 55761696 2
1 623 -65 55761696 2
1 624 -65 55761696 2
1 625 -65 55761696 2
1 626 -65 55761696 2
1 627 -65 55761696 2
1 628 -65 55761696 2
1 629 -98 55761696 2
1 630 -97 55761696 2
1 631 -97 55761696 2
1 632 -97 55761696 2
1 633 -97 55761696 2
1 634 -97 55761696 2
1 635 -82 55761696 2
1 636 -65 55761696 2
1 637 -65 55761696 2
1 638 -65 55761696 2
1 639 -65 55761696 2
1 640 -65 55761696 2
1 641 -65 55761696 2
1 642 -65 55761696 2
1 643 -65 55761696 2
1 644 -65 55761696 2
1 645 -65 55761696 2
1 646 -65 55761696 2
1 647 -65 55761696 2
1 648 -65 55761696 2
1 649 -65 55761696 2
1 650 -97 55761696 2
1 651 -97 55761696 2
1 652 -97 55761696 2
1 653 -97 55761696 2
1 654 -96 55761696 2
1 655 -97 55761696 2
1 656 -78 55761696 2
1 657 -65 55761696 2
1 658 -65 55761696 2
1 659 -65 55761696 2
1 660 -65 55761696 2
1 661 -65 55761696 2
1 662 -65 55761696 2
1 663 -65 55761696 2
1 664 -65 55761696 2
1 665 -65 55761696 2
1 666 -65 55761696 2
1 667 -65 55761696 2
1 668 -65 55761696 2
1 669 -65 55761696 2
1 670 -65 55761696 2
1 671 -97 55761696 2
1 672 -97 55761696 2
1 673 -97 55761696 2
1 674 -97 55761696 2
1 675 -98 55761696 2
1 676 -97 55761696 2
1 677 -80 55761696 2
1 678 -65 55761696 2
1 679 -65 55761696 2
1 680 -65 55761696 2
1 681 -65 55761696 2
1 682 -65 55761696 2
1 683 -65 55761696 2
1 684 -65 55761696 2
1 685 -65 55761696 2
1 686 -65 55761696 2
1 687 -65 55761696 2
1 688 -65 55761696 2
1 689 -65 55761696 2
1 690 -65 55761696 2
1 691 -65 55761696 2
1 692 -97 55761696 2
1 693 -97 55761696 2
1 694 -96 55761696 2
1 695 -97 55761696 2
1 696 -97 55761696 2
1 697 -97 55761696 2
1 698 -70 55761696 2
1 699 -65 55761696 2
1 700 -65 55761696 2
1 701 -65 55761696 2
1 702 -65 55761696 2
1 703 -65 55761696 2
1 704 -65 55761696 2
1 705 -65 55761696 2
1 706 -65 55761696 2
1 707 -65 55761696 2
1 708 -65 55761696 2
1 709 -65 55761696 2
1 710 -65 55761696 2
1 711 -65 55761696 2
1 712 -65 55761696 2
1 713 -97 55761696 2
1 714 -97 55761696 2
1 715 -97 55761696 2
1 716 -96 55761696 2
1 717 -97 55761696 2
1 718 -97 55761696 2
1 719 -65 55761696 2
1 720 -65 55761696 2
1 721 -65 55761696 2
1 722 -65 55761696 2
1 723 -65 55761696 2
1 724 -65 55761696 2
1 725 -65 55761696 2
1 726 -65 55761696 2
1 727 -65 55761696 2
1 728 -65 55761696 2
1 729 -65 55761696 2
1 730 -65 55761696 2
1 731 -65 55761696 2
1 732 -65 55761696 2
1 733 -90 55761696 2
1 734 -97 55761696 2
1 735 -97 55761696 2
1 736 -97 55761696 2
1 737 -97 55761696 2
1 738 -97 55761696 2
1 739 -97 55761696 2
1 740 -84 55761696 2
1 741 -65 55761696 2
1 742 -65 55761696 2
1 743 -65 55761696 2
1 744 -65 55761696 2
1 745 -65 55761696 2
1 746 -65 55761696 2
1 747 -65 55761696 2
1 748 -65 55761696 2
1 749 -65 55761696 2
1 750 -65 55761696 2
1 751 -65 55761696 2
1 752 -65 55761696 2
1 753 -65 55761696 2
1 754 -65 55761696 2
1 755 -97 55761696 2
1 756 -97 55761696 2
1 757 -98 55761696 2
1 758 -97 55761696 2
1 759 -97 55761696 2
1 760 -97 55761696 2
1 761 -80 55761696 2
1 762 -65 55761696 2
1 763 -65 55761696 2
1 764 -65 55761696 2
1 765 -65 55761696 2
1 766 -65 55761696 2
1 767 -65 55761696 2
1 768 -65 55761696 2
1 769 -65 55761696 2
1 770 -65 55761696 2
1 771 -65 55761696 2
1 772 -65 55761696 2
1 773 -65 55761696 2
1 774 -65 55761696 2
1 775 -65 55761696 2
1 776 -97 55761696 2
1 777 -97 55761696 2
1 778 -97 55761696 2
1 779 -98 55761696 2
1 780 -97 55761696 2
1 781 -97 55761696 2
1 782 -80 55761696 2
1 783 -65 55761696 2
1 784 -65 55761696 2
1 785 -65 55761696 2
1 786 -65 55761696 2
1 787 -65 55761696 2
1 788 -65 55761696 2
1 789 -65 55761696 2
1 790 -65 55761696 2
1 791 -65 55761696 2
1 792 -65 55761696 2
1 793 -65 55761696 2
1 794 -65 55761696 2
1 795 -65 55761696 2
1 796 -65 55761696 2
1 797 -97 55761696 2
1 798 -97 55761696 2
1 799 -97 55761696 2
1 800 -97 55761696 2
1 801 -97 55761696 2
1 802 -98 55761696 2
1 803 -68 55761696 2
1 804 -65 55761696 2
1 805 -65 55761696 2
1 806 -65 55761696 2
1 807 -65 55761696 2
1 808 -65 55761696 2
1 809 -65 55761696 2
1 810 -65 55761696 2
1 811 -65 55761696 2
1 812 -65 55761696 2
1 813 -65 55761696 2
1 814 -65 55761696 2
1 815 -65 55761696 2
1 816 -65 55761696 2
1 817 -65 55761696 2
1 818 -97 55761696 2
1 819 -97 55761696 2
1 820 -97 55761696 2
1 821 -96 55761696 2
1 822 -97 55761696 2
1 823 -97 55761696 2
1 824 -65 55761696 2
1 825 -65 55761696 2
1 826 -65 55761696 2
1 827 -65 55761696 2
1 828 -65 55761696 2
1 829 -65 55761696 2
1 830 -65 55761696 2
1 831 -65 55761696 2
1 832 -65 55761696 2
1 833 -65 55761696 2
1 834 -65 55761696 2
1 835 -65 55761696 2
1 836 -65 55761696 2
1 837 -65 55761696 2
1 838 -90 55761696 2
1 839 -97 55761696 2
1 840 -97 55761696 2
1 841 -97 55761696 2
1 842 -97 55761696 2
1 843 -97 55761696 2
1 844 -97 55761696 2
1 845 -80 55761696 2
1 846 -65 55761696 2
1 847 -65 55761696 2
1 848 -65 55761696 2
1 849 -65 55761696 2
1 850 -65 55761696 2
1 851 -65 55761696 2
1 852 -65 55761696 2
1 853 -65 55761696 2
1 854 -65 55761696 2
1 855 -65 55761696 2
1 856 -65 55761696 2
1 857 -65 55761696 2
1 858 -65 55761696 2
1 859 -65 55761696 2
1 860 -97 55761696 2
1 861 -97 55761696 2
1 862 -97 55761696 2
1 863 -97 55761696 2
1 864 -97 55761696 2
1 865 -97 55761696 2
1 866 -80 55761696 2
1 867 -65 55761696 2
1 868 -65 55761696 2
1 869 -65 55761696 2
1 870 -65 55761696 2
1 871 -65 55761696 2
1 872 -65 55761696 2
1 873 -65 55761696 2
1 874 -65 55761696 2
1 875 -65 55761696 2
1 876 -65 55761696 2
1 877 -65 55761696 2
1 878 -65 55761696 2
1 879 -65 55761696 2
1 880 -65 55761696 2
1 881 -97 55761696 2
1 882 -97 55761696 2
1 883 -97 55761696 2
1 884 -97 55761696 2
1 885 -97 55761696 2
1 886 -97 55761696 2
1 887 -80 55761696 2
1 888 -65 55761696 2
1 889 -65 55761696 2
1 890 -65 55761696 2
1 891 -65 55761696 2
1 892 -65 55761696 2
1 893 -65 55761696 2
1 894 -65 55761696 2
1 895 -65 55761696 2
1 896 -65 55761696 2
1 897 -65 55761696 2
1 898 -65 55761696 2
1 899 -65 55761696 2
1 900 -65 55761696 2
1 901 -65 55761696 2
1 902 -97 55761696 2
1 903 -97 55761696 2
1 904 -97 55761696 2
1 905 -98 55761696 2
1 906 -97 55761696 2
1 907 -98 55761696 2
1 908 -68 55761696 2
1 909 -65 55761696 2
1 910 -65 55761696 2
1 911 -65 55761696 2
1 912 -65 55761696 2
1 913 -65 55761696 2
1 914 -65 55761696 2
1 915 -65 55761696 2
1 916 -65 55761696 2
1 917 -65 55761696 2
1 918 -65 55761696 2
1 919 -65 55761696 2
1 920 -64 55761696 2
1 921 -65 55761696 2
1 922 -65 55761696 2
1 923 -97 55761696 2
1 924 -98 55761696 2
1 925 -97 55761696 2
1 926 -98 55761696 2
1 927 -98 55761696 2
1 928 -98 55761696 2
1 929 -98 55761696 2
1 930 -97 55761696 2
1 931 -97 55761696 2
1 932 -97 55761696 2
1 933 -97 55761696 2
1 934 -97 55761696 2
1 935 -97 55761696 2
1 936 -93 55761696 2
1 937 -97 55761696 2
1 938 -97 55761696 2
1 939 -97 55761696 2
1 940 -97 55761696 2
1 941 -96 55761696 2
1 942 -97 55761696 2
1 943 -97 55761696 2
1 944 -98 55761696 2
1 945 -97 55761696 2
1 946 -97 55761696 2
1 947 -97 55761696 2
1 948 -97 55761696 2
1 949 -97 55761696 2
1 950 -97 55761696 2
1 951 -97 55761696 2
1 952 -97 55761696 2
1 953 -96 55761696 2
1 954 -97 55761696 2
1 955 -97 55761696 2
1 956 -97 55761696 2
1 957 -97 55761696 2
1 958 -97 55761696 2
1 959 -97 55761696 2
1 960 -97 55761696 2
1 961 -97 55761696 2
1 962 -97 55761696 2
1 963 -97 55761696 2
1 964 -97 55761696 2
1 965 -97 55761696 2
1 966 -97 55761696 2
1 967 -96 55761696 2
1 968 -96 55761696 2
1 969 -97 55761696 2
1 970 -98 55761696 2
1 971 -97 55761696 2
1 972 -97 55761696 2
1 973 -97 55761696 2
1 974 -97 55761696 2
1 975 -97 55761696 2
1 976 -97 55761696 2
1 977 -97 55761696 2
1 978 -96 55761696 2
1 979 -97 55761696 2
1 980 -97 55761696 2
1 981 -97 55761696 2
1 982 -97 55761696 2
1 983 -96 55761696 2
1 984 -97 55761696 2
1 985 -97 55761696 2
1 986 -97 55761696 2
1 987 -97 55761696 2
1 988 -97 55761696 2
1 989 -98 55761696 2
1 990 -96 55761696 2
1 991 -97 55761696 2
1 992 -97 55761696 2
1 993 -98 55761696 2
1 994 -97 55761696 2
1 995 -97 55761696 2
1 996 -97 55761696 2
1 997 -97 55761696 2
1 998 -97 55761696 2
1 999 -97 55761696 2
1 1000 -96 55761696 2
1 1001 -97 55761696 2
1 1002 -97 55761696 2
1 1003 -97 55761696 2
1 1004 -97 55761696 2
1 1005 -97 55761696 2
1 1006 -97 55761696 2
1 1007 -97 55761696 2
1 1008 -98 55761696 2
1 1009 -97 55761696 2
1 1010 -97 55761696 2
1 1011 -97 55761696 2
1 1012 -96 55761696 2
1 1013 -97 55761696 2
1 1014 -97 55761696 2
1 1015 -97 55761696 2
1 1016 -97 55761696 2
1 1017 -97 55761696 2
1 1018 -97 55761696 2
1 1019 -97 55761696 2
1 1020 -94 55761696 2
1 1021 -97 55761696 2
1 1022 -96 55761696 2
1 1023 -97 55761696 2
1 1024 -97 55761696 2
1 1025 -97 55966496 3
1 1026 -97 55966496 3
1 1027 -97 55966496 3
1 1028 -97 55966496 3
1 1029 -98 55966496 3
1 1030 -97 55966496 3
1 1031 -97 55966496 3
1 1032 -97 55966496 3
1 1033 -98 55966496 3
1 1034 -97 55966496 3
1 1035 -97 55966496 3
1 1036 -97 55966496 3
1 1037 -97 55966496 3
1 1038 -97 55966496 3
1 1039 -97 55966496 3
1 1040 -97 55966496 3
1 1041 -97 55966496 3
1 1042 -98 55966496 3
1 1043 -97 55966496 3
1 1044 -98 55966496 3
1 1045 -97 55966496 3
1 1046 -98 55966496 3
1 1047 -98 55966496 3
1 1048 -97 55966496 3
1 1049 -97 55966496 3
1 1050 -97 55966496 3
1 1051 -98 55966496 3
1 1052 -98 55966496 3
1 1053 -97 55966496 3
1 1054 -97 55966496 3
1 1055 -97 55966496 3
1 1056 -97 55966496 3
1 1057 -97 55966496 3
1 1058 -97 55966496 3
1 1059 -97 55966496 3
1 1060 -97 55966496 3
1 1061 -97 55966496 3
1 1062 -97 55966496 3
1 1063 -64 55966496 3
1 1064 -64 55966496 3
1 1065 -64 55966496 3
1 1066 -64 55966496 3
1 1067 -64 55966496 3
1 1068 -64 55966496 3
1 1069 -64 55966496 3
1 1070 -64 55966496 3
1 1071 -64 55966496 3
1 1072 -64 55966496 3
1 1073 -64 55966496 3
1 1074 -64 55966496 3
1 1075 -64 55966496 3
1 1076 -64 55966496 3
1 1077 -97 55966496 3
1 1078 -97 55966496 3
1 1079 -97 55966496 3
1 1080 -97 55966496 3
1 1081 -98 55966496 3
1 1082 -97 55966496 3
1 1083 -97 55966496 3
1 1084 -65 55966496 3
1 1085 -65 55966496 3
1 1086 -64 55966496 3
1 1087 -64 55966496 3
1 1088 -64 55966496 3
1 1089 -64 55966496 3
1 1090 -64 55966496 3
1 1091 -64 55966496 3
1 1092 -64 55966496 3
1 1093 -64 55966496 3
1 1094 -64 55966496 3
1 1095 -64 55966496 3
1 1096 -64 55966496 3
1 1097 -64 55966496 3
1 1098 -97 55966496 3
1 1099 -98 55966496 3
1 1100 -97 55966496 3
1 1101 -97 55966496 3
1 1102 -97 55966496 3
1 1103 -97 55966496 3
1 1104 -91 55966496 3
1 1105 -64 55966496 3
1 1106 -65 55966496 3
1 1107 -64 55966496 3
1 1108 -64 55966496 3
1 1109 -64 55966496 3
1 1110 -64 55966496 3
1 1111 -64 55966496 3
1 1112 -64 55966496 3
1 1113 -64 55966496 3
1 1114 -64 55966496 3
1 1115 -64 55966496 3
1 1116 -64 55966496 3
1 1117 -64 55966496 3
1 1118 -64 55966496 3
1 1119 -98 55966496 3
1 1120 -97 55966496 3
1 1121 -97 55966496 3
1 1122 -97 55966496 3
1 1123 -97 55966496 3
1 1124 -97 55966496 3
1 1125 -84 55966496 3
1 1126 -64 55966496 3
1 1127 -64 55966496 3
1 1128 -64 55966496 3
1 1129 -64 55966496 3
1 1130 -64 55966496 3
1 1131 -64 55966496 3
1 1132 -64 55966496 3
1 1133 -64 55966496 3
1 1134 -64 55966496 3
1 1135 -64 55966496 3
1 1136 -64 55966496 3
1 1137 -64 55966496 3
1 1138 -64 55966496 3
1 1139 -64 55966496 3
1 1140 -97 55966496 3
1 1141 -97 55966496 3
1 1142 -97 55966496 3
1 1143 -97 55966496 3
1 1144 -97 55966496 3
1 1145 -97 55966496 3
1 1146 -80 55966496 3
1 1147 -64 55966496 3
1 1148 -64 55966496 3
1 1149 -64 55966496 3
1 1150 -64 55966496 3
1 1151 -64 55966496 3
1 1152 -64 55966496 3
1 1153 -64 55966496 3
1 1154 -64 55966496 3
1 1155 -64 55966496 3
1 1156 -64 55966496 3
1 1157 -64 55966496 3
1 1158 -64 55966496 3
1 1159 -64 55966496 3
1 1160 -64 55966496 3
1 1161 -97 55966496 3
1 1162 -97 55966496 3
1 1163 -96 55966496 3
1 1164 -97 55966496 3
1 1165 -96 55966496 3
1 1166 -97 55966496 3
1 1167 -79 55966496 3
1 1168 -64 55966496 3
1 1169 -64 55966496 3
1 1170 -64 55966496 3
1 1171 -64 55966496 3
1 1172 -64 55966496 3
1 1173 -64 55966496 3
1 1174 -64 55966496 3
1 1175 -64 55966496 3
1 1176 -64 55966496 3
1 1177 -64 55966496 3
1 1178 -64 55966496 3
1 1179 -64 55966496 3
1 1180 -64 55966496 3
1 1181 -64 55966496 3
1 1182 -98 55966496 3
1 1183 -97 55966496 3
1 1184 -97 55966496 3
1 1185 -97 55966496 3
1 1186 -98 55966496 3
1 1187 -97 55966496 3
1 1188 -80 55966496 3
1 1189 -64 55966496 3
1 1190 -64 55966496 3
1 1191 -64 55966496 3
1 1192 -64 55966496 3
1 1193 -64 55966496 3
1 1194 -64 55966496 3
1 1195 -64 55966496 3
1 1196 -64 55966496 3
1 1197 -64 55966496 3
1 1198 -64 55966496 3
1 1199 -64 55966496 3
1 1200 -64 55966496 3
1 1201 -64 55966496 3
1 1202 -64 55966496 3
1 1203 -97 55966496 3
1 1204 -97 55966496 3
1 1205 -97 55966496 3
1 1206 -97 55966496 3
1 1207 -97 55966496 3
1 1208 -97 55966496 3
1 1209 -68 55966496 3
1 1210 -64 55966496 3
1 1211 -64 55966496 3
1 1212 -64 55966496 3
1 1213 -64 55966496 3
1 1214 -64 55966496 3
1 1215 -64 55966496 3
1 1216 -64 55966496 3
1 1217 -64 55966496 3
1 1218 -64 55966496 3
1 1219 -64 55966496 3
1 1220 -64 55966496 3
1 1221 -64 55966496 3
1 1222 -64 55966496 3
1 1223 -65 55966496 3
1 1224 -97 55966496 3
1 1225 -97 55966496 3
1 1226 -98 55966496 3
1 1227 -97 55966496 3
1 1228 -97 55966496 3
1 1229 -97 55966496 3
1 1230 -64 55966496 3
1 1231 -64 55966496 3
1 1232 -64 55966496 3
1 1233 -64 55966496 3
1 1234 -64 55966496 3
1 1235 -64 55966496 3
1 1236 -64 55966496 3
1 1237 -64 55966496 3
1 1238 -64 55966496 3
1 1239 -64 55966496 3
1 1240 -64 55966496 3
1 1241 -64 55966496 3
1 1242 -64 55966496 3
1 1243 -64 55966496 3
1 1244 -89 55966496 3
1 1245 -97 55966496 3
1 1246 -97 55966496 3
1 1247 -98 55966496 3
1 1248 -97 55966496 3
1 1249 -97 55966496 3
1 1250 -97 55966496 3
1 1251 -64 55966496 3
1 1252 -64 55966496 3
1 1253 -64 55966496 3
1 1254 -64 55966496 3
1 1255 -64 55966496 3
1 1256 -64 55966496 3
1 1257 -64 55966496 3
1 1258 -64 55966496 3
1 1259 -64 55966496 3
1 1260 -64 55966496 3
1 1261 -64 55966496 3
1 1262 -64 55966496 3
1 1263 -64 55966496 3
1 1264 -64 55966496 3
1 1265 -98 55966496 3
1 1266 -97 55966496 3
1 1267 -97 55966496 3
1 1268 -95 55966496 3
1 1269 -98 55966496 3
1 1270 -97 55966496 3
1 1271 -97 55966496 3
1 1272 -64 55966496 3
1 1273 -64 55966496 3
1 1274 -64 55966496 3
1 1275 -64 55966496 3
1 1276 -64 55966496 3
1 1277 -64 55966496 3
1 1278 -64 55966496 3
1 1279 -64 55966496 3
1 1280 -64 55966496 3
1 1281 -64 55966496 3
1 1282 -64 55966496 3
1 1283 -64 55966496 3
1 1284 -64 55966496 3
1 1285 -64 55966496 3
1 1286 -97 55966496 3
1 1287 -98 55966496 3
1 1288 -97 55966496 3
1 1289 -97 55966496 3
1 1290 -97 55966496 3
1 1291 -97 55966496 3
1 1292 -98 55966496 3
1 1293 -64 55966496 3
1 1294 -64 55966496 3
1 1295 -64 55966496 3
1 1296 -64 55966496 3
1 1297 -64 55966496 3
1 1298 -64 55966496 3
1 1299 -64 55966496 3
1 1300 -64 55966496 3
1 1301 -64 55966496 3
1 1302 -64 55966496 3
1 1303 -64 55966496 3
1 1304 -64 55966496 3
1 1305 -64 55966496 3
1 1306 -64 55966496 3
1 1307 -98 55966496 3
1 1308 -97 55966496 3
1 1309 -97 55966496 3
1 1310 -97 55966496 3
1 1311 -97 55966496 3
1 1312 -98 55966496 3
1 1313 -92 55966496 3
1 1314 -64 55966496 3
1 1315 -64 55966496 3
1 1316 -64 55966496 3
1 1317 -64 55966496 3
1 1318 -64 55966496 3
1 1319 -64 55966496 3
1 1320 -64 55966496 3
1 1321 -64 55966496 3
1 1322 -64 55966496 3
1 1323 -64 55966496 3
1 1324 -64 55966496 3
1 1325 -64 55966496 3
1 1326 -64 55966496 3
1 1327 -64 55966496 3
1 1328 -97 55966496 3
1 1329 -98 55966496 3
1 1330 -98 55966496 3
1 1331 -97 55966496 3
1 1332 -98 55966496 3
1 1333 -97 55966496 3
1 1334 -83 55966496 3
1 1335 -64 55966496 3
1 1336 -64 55966496 3
1 1337 -64 55966496 3
1 1338 -64 55966496 3
1 1339 -64 55966496 3
1 1340 -64 55966496 3
1 1341 -64 55966496 3
1 1342 -64 55966496 3
1 1343 -64 55966496 3
1 1344 -64 55966496 3
1 1345 -64 55966496 3
1 1346 -64 55966496 3
1 1347 -64 55966496 3
1 1348 -64 55966496 3
1 1349 -97 55966496 3
1 1350 -97 55966496 3
1 1351 -97 55966496 3
1 1352 -97 55966496 3
1 1353 -97 55966496 3
1 1354 -97 55966496 3
1 1355 -80 55966496 3
1 1356 -64 55966496 3
1 1357 -64 55966496 3
1 1358 -64 55966496 3
1 1359 -64 55966496 3
1 1360 -64 55966496 3
1 1361 -64 55966496 3
1 1362 -64 55966496 3
1 1363 -64 55966496 3
1 1364 -64 55966496 3
1 1365 -64 55966496 3
1 1366 -64 55966496 3
1 1367 -64 55966496 3
1 1368 -64 55966496 3
1 1369 -64 55966496 3
1 1370 -97 55966496 3
1 1371 -97 55966496 3
1 1372 -97 55966496 3
1 1373 -97 55966496 3
1 1374 -97 55966496 3
1 1375 -98 55966496 3
1 1376 -80 55966496 3
1 1377 -64 55966496 3
1 1378 -64 55966496 3
1 1379 -64 55966496 3
1 1380 -64 55966496 3
1 1381 -64 55966496 3
1 1382 -64 55966496 3
1 1383 -64 55966496 3
1 1384 -64 55966496 3
1 1385 -64 55966496 3
1 1386 -64 55966496 3
1 1387 -64 55966496 3
1 1388 -64 55966496 3
1 1389 -64 55966496 3
1 1390 -64 55966496 3
1 1391 -97 55966496 3
1 1392 -98 55966496 3
1 1393 -98 55966496 3
1 1394 -97 55966496 3
1 1395 -97 55966496 3
1 1396 -98 55966496 3
1 1397 -71 55966496 3
1 1398 -64 55966496 3
1 1399 -64 55966496 3
1 1400 -64 55966496 3
1 1401 -64 55966496 3
1 1402 -64 55966496 3
1 1403 -64 55966496 3
1 1404 -64 55966496 3
1 1405 -64 55966496 3
1 1406 -64 55966496 3
1 1407 -64 55966496 3
1 1408 -64 55966496 3
1 1409 -64 55966496 3
1 1410 -64 55966496 3
1 1411 -64 55966496 3
1 1412 -97 55966496 3
1 1413 -97 55966496 3
1 1414 -97 55966496 3
1 1415 -97 55966496 3
1 1416 -97 55966496 3
1 1417 -97 55966496 3
1 1418 -68 55966496 3
1 1419 -64 55966496 3
1 1420 -64 55966496 3
1 1421 -64 55966496 3
1 1422 -64 55966496 3
1 1423 -64 55966496 3
1 1424 -64 55966496 3
1 1425 -64 55966496 3
1 1426 -64 55966496 3
1 1427 -64 55966496 3
1 1428 -64 55966496 3
1 1429 -64 55966496 3
1 1430 -64 55966496 3
1 1431 -64 55966496 3
1 1432 -64 55966496 3
1 1433 -97 55966496 3
1 1434 -97 55966496 3
1 1435 -97 55966496 3
1 1436 -97 55966496 3
1 1437 -97 55966496 3
1 1438 -97 55966496 3
1 1439 -97 55966496 3
1 1440 -97 55966496 3
1 1441 -97 55966496 3
1 1442 -98 55966496 3
1 1443 -97 55966496 3
1 1444 -97 55966496 3
1 1445 -97 55966496 3
1 1446 -97 55966496 3
1 1447 -97 55966496 3
1 1448 -96 55966496 3
1 1449 -96 55966496 3
1 1450 -97 55966496 3
1 1451 -97 55966496 3
1 1452 -97 55966496 3
1 1453 -97 55966496 3
1 1454 -97 55966496 3
1 1455 -97 55966496 3
1 1456 -97 55966496 3
1 1457 -97 55966496 3
1 1458 -96 55966496 3
1 1459 -97 55966496 3
1 1460 -97 55966496 3
1 1461 -97 55966496 3
1 1462 -97 55966496 3
1 1463 -96 55966496 3
1 1464 -97 55966496 3
1 1465 -97 55966496 3
1 1466 -97 55966496 3
1 1467 -97 55966496 3
1 1468 -97 55966496 3
1 1469 -96 55966496 3
1 1470 -97 55966496 3
1 1471 -97 55966496 3
1 1472 -97 55966496 3
1 1473 -97 55966496 3
1 1474 -97 55966496 3
1 1475 -97 55966496 3
1 1476 -97 55966496 3
1 1477 -98 55966496 3
1 1478 -97 55966496 3
1 1479 -97 55966496 3
1 1480 -98 55966496 3
1 1481 -97 55966496 3
1 1482 -97 55966496 3
1 1483 -97 55966496 3
1 1484 -97 55966496 3
1 1485 -97 55966496 3
1 1486 -97 55966496 3
1 1487 -97 55966496 3
1 1488 -97 55966496 3
1 1489 -97 55966496 3
1 1490 -97 55966496 3
1 1491 -97 55966496 3
1 1492 -97 55966496 3
1 1493 -97 55966496 3
1 1494 -97 55966496 3
1 1495 -97 55966496 3
1 1496 -97 55966496 3
1 1497 -97 55966496 3
1 1498 -97 55966496 3
1 1499 -97 55966496 3
1 1500 -98 55966496 3
1 1501 -97 55966496 3
1 1502 -97 55966496 3
1 1503 -98 55966496 3
1 1504 -98 55966496 3
1 1505 -97 55966496 3
1 1506 -98 55966496 3
1 1507 -97 55966496 3
1 1508 -98 55966496 3
1 1509 -97 55966496 3
1 1510 -97 55966496 3
1 1511 -97 55966496 3
1 1512 -97 55966496 3
1 1513 -97 55966496 3
1 1514 -97 55966496 3
1 1515 -97 55966496 3
1 1516 -97 55966496 3
1 1517 -97 55966496 3
1 1518 -97 55966496 3
1 1519 -97 55966496 3
1 1520 -97 55966496 3
1 1521 -97 55966496 3
1 1522 -97 55966496 3
1 1523 -97 55966496 3
1 1524 -98 55966496 3
1 1525 -98 55966496 3
1 1526 -97 55966496 3
1 1527 -97 55966496 3
1 1528 -97 55966496 3
1 1529 -97 55966496 3
1 1530 -97 55966496 3
1 1531 -97 55966496 3
1 1532 -97 55966496 3
1 1533 -98 55966496 3
1 1534 -97 55966496 3
1 1535 -97 55966496 3
1 1536 -98 55966496 3
1 1537 -97 56171296 4
1 1538 -97 56171296 4
1 1539 -97 56171296 4
1 1540 -98 56171296 4
1 1541 -97 56171296 4
1 1542 -97 56171296 4
1 1543 -97 56171296 4
1 1544 -97 56171296 4
1 1545 -97 56171296 4
1 1546 -97 56171296 4
1 1547 -97 56171296 4
1 1548 -97 56171296 4
1 1549 -97 56171296 4
1 1550 -97 56171296 4
1 1551 -97 56171296 4
1 1552 -97 56171296 4
1 1553 -95 56171296 4
1 1554 -96 56171296 4
1 1555 -97 56171296 4
1 1556 -97 56171296 4
1 1557 -97 56171296 4
1 1558 -97 56171296 4
1 1559 -97 56171296 4
1 1560 -97 56171296 4
1 1561 -97 56171296 4
1 1562 -97 56171296 4
1 1563 -97 56171296 4
1 1564 -97 56171296 4
1 1565 -97 56171296 4
1 1566 -97 56171296 4
1 1567 -97 56171296 4
1 1568 -97 56171296 4
1 1569 -97 56171296 4
1 1570 -97 56171296 4
1 1571 -97 56171296 4
1 1572 -98 56171296 4
1 1573 -97 56171296 4
1 1574 -96 56171296 4
1 1575 -64 56171296 4
1 1576 -64 56171296 4
1 1577 -64 56171296 4
1 1578 -64 56171296 4
1 1579 -64 56171296 4
1 1580 -64 56171296 4
1 1581 -64 56171296 4
1 1582 -64 56171296 4
1 1583 -64 56171296 4
1 1584 -64 56171296 4
1 1585 -64 56171296 4
1 1586 -64 56171296 4
1 1587 -64 56171296 4
1 1588 -64 56171296 4
1 1589 -98 56171296 4
1 1590 -97 56171296 4
1 1591 -97 56171296 4
1 1592 -98 56171296 4
1 1593 -97 56171296 4
1 1594 -97 56171296 4
1 1595 -97 56171296 4
1 1596 -64 56171296 4
1 1597 -64 56171296 4
1 1598 -64 56171296 4
1 1599 -64 56171296 4
1 1600 -64 56171296 4
1 1601 -64 56171296 4
1 1602 -64 56171296 4
1 1603 -64 56171296 4
1 1604 -64 56171296 4
1 1605 -64 56171296 4
1 1606 -64 56171296 4
1 1607 -64 56171296 4
1 1608 -64 56171296 4
1 1609 -64 56171296 4
1 1610 -97 56171296 4
1 1611 -97 56171296 4
1 1612 -98 56171296 4
1 1613 -97 56171296 4
1 1614 -97 56171296 4
1 1615 -97 56171296 4
1 1616 -93 56171296 4
1 1617 -64 56171296 4
1 1618 -64 56171296 4
1 1619 -64 56171296 4
1 1620 -64 56171296 4
1 1621 -64 56171296 4
1 1622 -64 56171296 4
1 1623 -64 56171296 4
1 1624 -64 56171296 4
1 1625 -64 56171296 4
1 1626 -64 56171296 4
1 1627 -64 56171296 4
1 1628 -64 56171296 4
1 1629 -64 56171296 4
1 1630 -64 56171296 4
1 1631 -98 56171296 4
1 1632 -97 56171296 4
1 1633 -98 56171296 4
1 1634 -97 56171296 4
1 1635 -97 56171296 4
1 1636 -97 56171296 4
1 1637 -84 56171296 4
1 1638 -64 56171296 4
1 1639 -64 56171296 4
1 1640 -64 56171296 4
1 1641 -64 56171296 4
1 1642 -64 56171296 4
1 1643 -64 56171296 4
1 1644 -64 56171296 4
1 1645 -64 56171296 4
1 1646 -64 56171296 4
1 1647 -64 56171296 4
1 1648 -64 56171296 4
1 1649 -64 56171296 4
1 1650 -64 56171296 4
1 1651 -64 56171296 4
1 1652 -97 56171296 4
1 1653 -97 56171296 4
1 1654 -97 56171296 4
1 1655 -97 56171296 4
1 1656 -97 56171296 4
1 1657 -97 56171296 4
1 1658 -80 56171296 4
1 1659 -64 56171296 4
1 1660 -64 56171296 4
1 1661 -64 56171296 4
1 1662 -64 56171296 4
1 1663 -64 56171296 4
1 1664 -64 56171296 4
1 1665 -64 56171296 4
1 1666 -64 56171296 4
1 1667 -64 56171296 4
1 1668 -64 56171296 4
1 1669 -64 56171296 4
1 1670 -64 56171296 4
1 1671 -64 56171296 4
1 1672 -64 56171296 4
1 1673 -97 56171296 4
1 1674 -97 56171296 4
1 1675 -97 56171296 4
1 1676 -97 56171296 4
1 1677 -97 56171296 4
1 1678 -97 56171296 4
1 1679 -80 56171296 4
1 1680 -64 56171296 4
1 1681 -64 56171296 4
1 1682 -64 56171296 4
1 1683 -64 56171296 4
1 1684 -64 56171296 4
1 1685 -64 56171296 4
1 1686 -64 56171296 4
1 1687 -64 56171296 4
1 1688 -64 56171296 4
1 1689 -64 56171296 4
1 1690 -64 56171296 4
1 1691 -64 56171296 4
1 1692 -64 56171296 4
1 1693 -64 56171296 4
1 1694 -97 56171296 4
1 1695 -97 56171296 4
1 1696 -97 56171296 4
1 1697 -97 56171296 4
1 1698 -97 56171296 4
1 1699 -97 56171296 4
1 1700 -68 56171296 4
1 1701 -64 56171296 4
1 1702 -64 56171296 4
1 1703 -64 56171296 4
1 1704 -64 56171296 4
1 1705 -64 56171296 4
1 1706 -64 56171296 4
1 1707 -64 56171296 4
1 1708 -64 56171296 4
1 1709 -64 56171296 4
1 1710 -64 56171296 4
1 1711 -64 56171296 4
1 1712 -64 56171296 4
1 1713 -64 56171296 4
1 1714 -64 56171296 4
1 1715 -97 56171296 4
1 1716 -97 56171296 4
1 1717 -97 56171296 4
1 1718 -97 56171296 4
1 1719 -97 56171296 4
1 1720 -98 56171296 4
1 1721 -68 56171296 4
1 1722 -64 56171296 4
1 1723 -64 56171296 4
1 1724 -64 56171296 4
1 1725 -64 56171296 4
1 1726 -64 56171296 4
1 1727 -64 56171296 4
1 1728 -64 56171296 4
1 1729 -64 56171296 4
1 1730 -64 56171296 4
1 1731 -64 56171296 4
1 1732 -64 56171296 4
1 1733 -64 56171296 4
1 1734 -64 56171296 4
1 1735 -64 56171296 4
1 1736 -97 56171296 4
1 1737 -97 56171296 4
1 1738 -97 56171296 4
1 1739 -97 56171296 4
1 1740 -97 56171296 4
1 1741 -97 56171296 4
1 1742 -64 56171296 4
1 1743 -64 56171296 4
1 1744 -64 56171296 4
1 1745 -64 56171296 4
1 1746 -64 56171296 4
1 1747 -64 56171296 4
1 1748 -64 56171296 4
1 1749 -64 56171296 4
1 1750 -64 56171296 4
1 1751 -64 56171296 4
1 1752 -64 56171296 4
1 1753 -64 56171296 4
1 1754 -64 56171296 4
1 1755 -64 56171296 4
1 1756 -90 56171296 4
1 1757 -97 56171296 4
1 1758 -97 56171296 4
1 1759 -97 56171296 4
1 1760 -98 56171296 4
1 1761 -97 56171296 4
1 1762 -97 56171296 4
1 1763 -64 56171296 4
1 1764 -64 56171296 4
1 1765 -64 56171296 4
1 1766 -64 56171296 4
1 1767 -64 56171296 4
1 1768 -64 56171296 4
1 1769 -64 56171296 4
1 1770 -64 56171296 4
1 1771 -64 56171296 4
1 1772 -64 56171296 4
1 1773 -64 56171296 4
1 1774 -64 56171296 4
1 1775 -64 56171296 4
1 1776 -64 56171296 4
1 1777 -97 56171296 4
1 1778 -97 56171296 4
1 1779 -97 56171296 4
1 1780 -97 56171296 4
1 1781 -97 56171296 4
1 1782 -97 56171296 4
1 1783 -97 56171296 4
1 1784 -64 56171296 4
1 1785 -64 56171296 4
1 1786 -64 56171296 4
1 1787 -64 56171296 4
1 1788 -64 56171296 4
1 1789 -64 56171296 4
1 1790 -64 56171296 4
1 1791 -64 56171296 4
1 1792 -64 56171296 4
1 1793 -64 56171296 4
1 1794 -64 56171296 4
1 1795 -64 56171296 4
1 1796 -64 56171296 4
1 1797 -64 56171296 4
1 1798 -97 56171296 4
1 1799 -97 56171296 4
1 1800 -97 56171296 4
1 1801 -97 56171296 4
1 1802 -97 56171296 4
1 1803 -97 56171296 4
1 1804 -97 56171296 4
1 1805 -64 56171296 4
1 1806 -64 56171296 4
1 1807 -64 56171296 4
1 1808 -64 56171296 4
1 1809 -64 56171296 4
1 1810 -64 56171296 4
1 1811 -64 56171296 4
1 1812 -64 56171296 4
1 1813 -64 56171296 4
1 1814 -64 56171296 4
1 1815 -64 56171296 4
1 1816 -64 56171296 4
1 1817 -64 56171296 4
1 1818 -64 56171296 4
1 1819 -97 56171296 4
1 1820 -97 56171296 4
1 1821 -97 56171296 4
1 1822 -97 56171296 4
1 1823 -97 56171296 4
1 1824 -97 56171296 4
1 1825 -92 56171296 4
1 1826 -64 56171296 4
1 1827 -64 56171296 4
1 1828 -64 56171296 4
1 1829 -64 56171296 4
1 1830 -64 56171296 4
1 1831 -64 56171296 4
1 1832 -64 56171296 4
1 1833 -64 56171296 4
1 1834 -64 56171296 4
1 1835 -64 56171296 4
1 1836 -64 56171296 4
1 1837 -64 56171296 4
1 1838 -64 56171296 4
1 1839 -64 56171296 4
1 1840 -97 56171296 4
1 1841 -97 56171296 4
1 1842 -97 56171296 4
1 1843 -97 56171296 4
1 1844 -97 56171296 4
1 1845 -97 56171296 4
1 1846 -80 56171296 4
1 1847 -64 56171296 4
1 1848 -64 56171296 4
1 1849 -64 56171296 4
1 1850 -64 56171296 4
1 1851 -64 56171296 4
1 1852 -64 56171296 4
1 1853 -64 56171296 4
1 1854 -64 56171296 4
1 1855 -64 56171296 4
1 1856 -64 56171296 4
1 1857 -64 56171296 4
1 1858 -64 56171296 4
1 1859 -64 56171296 4
1 1860 -64 56171296 4
1 1861 -98 56171296 4
1 1862 -97 56171296 4
1 1863 -97 56171296 4
1 1864 -97 56171296 4
1 1865 -97 56171296 4
1 1866 -97 56171296 4
1 1867 -80 56171296 4
1 1868 -64 56171296 4
1 1869 -64 56171296 4
1 1870 -64 56171296 4
1 1871 -64 56171296 4
1 1872 -64 56171296 4
1 1873 -64 56171296 4
1 1874 -64 56171296 4
1 1875 -64 56171296 4
1 1876 -64 56171296 4
1 1877 -64 56171296 4
1 1878 -64 56171296 4
1 1879 -64 56171296 4
1 1880 -64 56171296 4
1 1881 -64 56171296 4
1 1882 -97 56171296 4
1 1883 -97 56171296 4
1 1884 -97 56171296 4
1 1885 -97 56171296 4
1 1886 -98 56171296 4
1 1887 -98 56171296 4
1 1888 -79 56171296 4
1 1889 -64 56171296 4
1 1890 -64 56171296 4
1 1891 -64 56171296 4
1 1892 -64 56171296 4
1 1893 -64 56171296 4
1 1894 -64 56171296 4
1 1895 -64 56171296 4
1 1896 -64 56171296 4
1 1897 -64 56171296 4
1 1898 -64 56171296 4
1 1899 -64 56171296 4
1 1900 -64 56171296 4
1 1901 -64 56171296 4
1 1902 -64 56171296 4
1 1903 -97 56171296 4
1 1904 -98 56171296 4
1 1905 -97 56171296 4
1 1906 -97 56171296 4
1 1907 -97 56171296 4
1 1908 -97 56171296 4
1 1909 -68 56171296 4
1 1910 -64 56171296 4
1 1911 -64 56171296 4
1 1912 -64 56171296 4
1 1913 -64 56171296 4
1 1914 -64 56171296 4
1 1915 -64 56171296 4
1 1916 -64 56171296 4
1 1917 -64 56171296 4
1 1918 -64 56171296 4
1 1919 -64 56171296 4
1 1920 -64 56171296 4
1 1921 -64 56171296 4
1 1922 -64 56171296 4
1 1923 -64 56171296 4
1 1924 -97 56171296 4
1 1925 -97 56171296 4
1 1926 -97 56171296 4
1 1927 -98 56171296 4
1 1928 -97 56171296 4
1 1929 -97 56171296 4
1 1930 -64 56171296 4
1 1931 -64 56171296 4
1 1932 -64 56171296 4
1 1933 -64 56171296 4
1 1934 -64 56171296 4
1 1935 -64 56171296 4
1 1936 -64 56171296 4
1 1937 -64 56171296 4
1 1938 -64 56171296 4
1 1939 -64 56171296 4
1 1940 -64 56171296 4
1 1941 -64 56171296 4
1 1942 -64 56171296 4
1 1943 -64 56171296 4
1 1944 -89 56171296 4
1 1945 -97 56171296 4
1 1946 -97 56171296 4
1 1947 -97 56171296 4
1 1948 -97 56171296 4
1 1949 -97 56171296 4
1 1950 -97 56171296 4
1 1951 -97 56171296 4
1 1952 -97 56171296 4
1 1953 -98 56171296 4
1 1954 -98 56171296 4
1 1955 -97 56171296 4
1 1956 -97 56171296 4
1 1957 -97 56171296 4
1 1958 -97 56171296 4
1 1959 -94 56171296 4
1 1960 -97 56171296 4
1 1961 -97 56171296 4
1 1962 -98 56171296 4
1 1963 -97 56171296 4
1 1964 -97 56171296 4
1 1965 -98 56171296 4
1 1966 -98 56171296 4
1 1967 -97 56171296 4
1 1968 -97 56171296 4
1 1969 -97 56171296 4
1 1970 -97 56171296 4
1 1971 -97 56171296 4
1 1972 -97 56171296 4
1 1973 -98 56171296 4
1 1974 -97 56171296 4
1 1975 -98 56171296 4
1 1976 -97 56171296 4
1 1977 -98 56171296 4
1 1978 -96 56171296 4
1 1979 -97 56171296 4
1 1980 -97 56171296 4
1 1981 -97 56171296 4
1 1982 -98 56171296 4
1 1983 -97 56171296 4
1 1984 -97 56171296 4
1 1985 -97 56171296 4
1 1986 -97 56171296 4
1 1987 -97 56171296 4
1 1988 -97 56171296 4
1 1989 -97 56171296 4
1 1990 -97 56171296 4
1 1991 -97 56171296 4
1 1992 -97 56171296 4
1 1993 -97 56171296 4
1 1994 -97 56171296 4
1 1995 -97 56171296 4
1 1996 -97 56171296 4
1 1997 -97 56171296 4
1 1998 -97 56171296 4
1 1999 -96 56171296 4
1 2000 -97 56171296 4
1 2001 -93 56171296 4
1 2002 -97 56171296 4
1 2003 -97 56171296 4
1 2004 -97 56171296 4
1 2005 -97 56171296 4
1 2006 -97 56171296 4
1 2007 -97 56171296 4
1 2008 -97 56171296 4
1 2009 -97 56171296 4
1 2010 -97 56171296 4
1 2011 -98 56171296 4
1 2012 -98 56171296 4
1 2013 -97 56171296 4
1 2014 -97 56171296 4
1 2015 -97 56171296 4
1 2016 -98 56171296 4
1 2017 -97 56171296 4
1 2018 -97 56171296 4
1 2019 -97 56171296 4
1 2020 -97 56171296 4
1 2021 -96 56171296 4
1 2022 -97 56171296 4
1 2023 -97 56171296 4
1 2024 -97 56171296 4
1 2025 -97 56171296 4
1 2026 -97 56171296 4
1 2027 -97 56171296 4
1 2028 -97 56171296 4
1 2029 -97 56171296 4
1 2030 -97 56171296 4
1 2031 -97 56171296 4
1 2032 -97 56171296 4
1 2033 -96 56171296 4
1 2034 -97 56171296 4
1 2035 -97 56171296 4
1 2036 -97 56171296 4
1 2037 -97 56171296 4
1 2038 -97 56171296 4
1 2039 -97 56171296 4
1 2040 -97 56171296 4
1 2041 -97 56171296 4
1 2042 -97 56171296 4
1 2043 -93 56171296 4
1 2044 -97 56171296 4
1 2045 -96 56171296 4
1 2046 -97 56171296 4
1 2047 -97 56171296 4
1 2048 -97 56171296 4
1 2049 -95 56376096 5
1 2050 -97 56376096 5
1 2051 -97 56376096 5
1 2052 -96 56376096 5
1 2053 -96 56376096 5
1 2054 -97 56376096 5
1 2055 -97 56376096 5
1 2056 -98 56376096 5
1 2057 -97 56376096 5
1 2058 -97 56376096 5
1 2059 -97 56376096 5
1 2060 -97 56376096 5
1 2061 -97 56376096 5
1 2062 -97 56376096 5
1 2063 -97 56376096 5
1 2064 -97 56376096 5
1 2065 -97 56376096 5
1 2066 -97 56376096 5
1 2067 -97 56376096 5
1 2068 -97 56376096 5
1 2069 -98 56376096 5
1 2070 -98 56376096 5
1 2071 -97 56376096 5
1 2072 -97 56376096 5
1 2073 -98 56376096 5
1 2074 -97 56376096 5
1 2075 -97 56376096 5
1 2076 -97 56376096 5
1 2077 -97 56376096 5
1 2078 -97 56376096 5
1 2079 -97 56376096 5
1 2080 -97 56376096 5
1 2081 -97 56376096 5
1 2082 -97 56376096 5
1 2083 -97 56376096 5
1 2084 -97 56376096 5
1 2085 -97 56376096 5
1 2086 -95 56376096 5
1 2087 -64 56376096 5
1 2088 -64 56376096 5
1 2089 -64 56376096 5
1 2090 -64 56376096 5
1 2091 -64 56376096 5
1 2092 -64 56376096 5
1 2093 -64 56376096 5
1 2094 -64 56376096 5
1 2095 -64 56376096 5
1 2096 -64 56376096 5
1 2097 -64 56376096 5
1 2098 -64 56376096 5
1 2099 -64 56376096 5
1 2100 -64 56376096 5
1 2101 -98 56376096 5
1 2102 -98 56376096 5
1 2103 -97 56376096 5
1 2104 -97 56376096 5
1 2105 -97 56376096 5
1 2106 -97 56376096 5
1 2107 -98 56376096 5
1 2108 -64 56376096 5
1 2109 -64 56376096 5
1 2110 -64 56376096 5
1 2111 -64 56376096 5
1 2112 -64 56376096 5
1 2113 -64 56376096 5
1 2114 -64 56376096 5
1 2115 -64 56376096 5
1 2116 -64 56376096 5
1 2117 -64 56376096 5
1 2118 -64 56376096 5
1 2119 -64 56376096 5
1 2120 -64 56376096 5
1 2121 -64 56376096 5
1 2122 -98 56376096 5
1 2123 -97 56376096 5
1 2124 -97 56376096 5
1 2125 -97 56376096 5
1 2126 -97 56376096 5
1 2127 -97 56376096 5
1 2128 -93 56376096 5
1 2129 -64 56376096 5
1 2130 -64 56376096 5
1 2131 -64 56376096 5
1 2132 -64 56376096 5
1 2133 -64 56376096 5
1 2134 -64 56376096 5
1 2135 -64 56376096 5
1 2136 -64 56376096 5
1 2137 -64 56376096 5
1 2138 -64 56376096 5
1 2139 -64 56376096 5
1 2140 -64 56376096 5
1 2141 -64 56376096 5
1 2142 -64 56376096 5
1 2143 -97 56376096 5
1 2144 -97 56376096 5
1 2145 -97 56376096 5
1 2146 -97 56376096 5
1 2147 -97 56376096 5
1 2148 -97 56376096 5
1 2149 -80 56376096 5
1 2150 -64 56376096 5
1 2151 -64 56376096 5
1 2152 -64 56376096 5
1 2153 -64 56376096 5
1 2154 -64 56376096 5
1 2155 -64 56376096 5
1 2156 -64 56376096 5
1 2157 -64 56376096 5
1 2158 -64 56376096 5
1 2159 -64 56376096 5
1 2160 -64 56376096 5
1 2161 -64 56376096 5
1 2162 -64 56376096 5
1 2163 -64 56376096 5
1 2164 -97 56376096 5
1 2165 -97 56376096 5
1 2166 -97 56376096 5
1 2167 -97 56376096 5
1 2168 -97 56376096 5
1 2169 -97 56376096 5
1 2170 -80 56376096 5
1 2171 -64 56376096 5
1 2172 -64 56376096 5
1 2173 -64 56376096 5
1 2174 -64 56376096 5
1 2175 -64 56376096 5
1 2176 -64 56376096 5
1 2177 -64 56376096 5
1 2178 -64 56376096 5
1 2179 -64 56376096 5
1 2180 -64 56376096 5
1 2181 -64 56376096 5
1 2182 -64 56376096 5
1 2183 -64 56376096 5
1 2184 -64 56376096 5
1 2185 -97 56376096 5
1 2186 -97 56376096 5
1 2187 -97 56376096 5
1 2188 -97 56376096 5
1 2189 -97 56376096 5
1 2190 -97 56376096 5
1 2191 -80 56376096 5
1 2192 -64 56376096 5
1 2193 -64 56376096 5
1 2194 -64 56376096 5
1 2195 -64 56376096 5
1 2196 -64 56376096 5
1 2197 -64 56376096 5
1 2198 -64 56376096 5
1 2199 -64 56376096 5
1 2200 -64 56376096 5
1 2201 -64 56376096 5
1 2202 -64 56376096 5
1 2203 -64 56376096 5
1 2204 -64 56376096 5
1 2205 -64 56376096 5
1 2206 -97 56376096 5
1 2207 -97 56376096 5
1 2208 -97 56376096 5
1 2209 -97 56376096 5
1 2210 -97 56376096 5
1 2211 -97 56376096 5
1 2212 -67 56376096 5
1 2213 -64 56376096 5
1 2214 -64 56376096 5
1 2215 -64 56376096 5
1 2216 -64 56376096 5
1 2217 -64 56376096 5
1 2218 -64 56376096 5
1 2219 -64 56376096 5
1 2220 -64 56376096 5
1 2221 -64 56376096 5
1 2222 -64 56376096 5
1 2223 -64 56376096 5
1 2224 -64 56376096 5
1 2225 -64 56376096 5
1 2226 -64 56376096 5
1 2227 -97 56376096 5
1 2228 -97 56376096 5
1 2229 -97 56376096 5
1 2230 -97 56376096 5
1 2231 -97 56376096 5
1 2232 -97 56376096 5
1 2233 -64 56376096 5
1 2234 -64 56376096 5
1 2235 -64 56376096 5
1 2236 -64 56376096 5
1 2237 -64 56376096 5
1 2238 -64 56376096 5
1 2239 -64 56376096 5
1 2240 -64 56376096 5
1 2241 -64 56376096 5
1 2242 -64 56376096 5
1 2243 -64 56376096 5
1 2244 -64 56376096 5
1 2245 -64 56376096 5
1 2246 -64 56376096 5
1 2247 -90 56376096 5
1 2248 -97 56376096 5
1 2249 -98 56376096 5
1 2250 -97 56376096 5
1 2251 -97 56376096 5
1 2252 -97 56376096 5
1 2253 -97 56376096 5
1 2254 -64 56376096 5
1 2255 -64 56376096 5
1 2256 -64 56376096 5
1 2257 -64 56376096 5
1 2258 -64 56376096 5
1 2259 -64 56376096 5
1 2260 -64 56376096 5
1 2261 -64 56376096 5
1 2262 -64 56376096 5
1 2263 -64 56376096 5
1 2264 -64 56376096 5
1 2265 -64 56376096 5
1 2266 -64 56376096 5
1 2267 -64 56376096 5
1 2268 -99 56376096 5
1 2269 -97 56376096 5
1 2270 -97 56376096 5
1 2271 -97 56376096 5
1 2272 -97 56376096 5
1 2273 -97 56376096 5
1 2274 -97 56376096 5
1 2275 -64 56376096 5
1 2276 -64 56376096 5
1 2277 -64 56376096 5
1 2278 -64 56376096 5
1 2279 -64 56376096 5
1 2280 -64 56376096 5
1 2281 -64 56376096 5
1 2282 -64 56376096 5
1 2283 -64 56376096 5
1 2284 -64 56376096 5
1 2285 -64 56376096 5
1 2286 -64 56376096 5
1 2287 -64 56376096 5
1 2288 -64 56376096 5
1 2289 -97 56376096 5
1 2290 -97 56376096 5
1 2291 -98 56376096 5
1 2292 -98 56376096 5
1 2293 -98 56376096 5
1 2294 -97 56376096 5
1 2295 -97 56376096 5
1 2296 -64 56376096 5
1 2297 -64 56376096 5
1 2298 -64 56376096 5
1 2299 -64 56376096 5
1 2300 -64 56376096 5
1 2301 -64 56376096 5
1 2302 -64 56376096 5
1 2303 -64 56376096 5
1 2304 -64 56376096 5
1 2305 -64 56376096 5
1 2306 -64 56376096 5
1 2307 -64 56376096 5
1 2308 -64 56376096 5
1 2309 -64 56376096 5
1 2310 -97 56376096 5
1 2311 -98 56376096 5
1 2312 -97 56376096 5
1 2313 -97 56376096 5
1 2314 -97 56376096 5
1 2315 -97 56376096 5
1 2316 -93 56376096 5
1 2317 -64 56376096 5
1 2318 -64 56376096 5
1 2319 -64 56376096 5
1 2320 -64 56376096 5
1 2321 -64 56376096 5
1 2322 -64 56376096 5
1 2323 -64 56376096 5
1 2324 -64 56376096 5
1 2325 -64 56376096 5
1 2326 -64 56376096 5
1 2327 -64 56376096 5
1 2328 -64 56376096 5
1 2329 -64 56376096 5
1 2330 -64 56376096 5
1 2331 -98 56376096 5
1 2332 -98 56376096 5
1 2333 -97 56376096 5
1 2334 -97 56376096 5
1 2335 -97 56376096 5
1 2336 -97 56376096 5
1 2337 -84 56376096 5
1 2338 -64 56376096 5
1 2339 -64 56376096 5
1 2340 -64 56376096 5
1 2341 -64 56376096 5
1 2342 -64 56376096 5
1 2343 -64 56376096 5
1 2344 -64 56376096 5
1 2345 -64 56376096 5
1 2346 -64 56376096 5
1 2347 -64 56376096 5
1 2348 -64 56376096 5
1 2349 -64 56376096 5
1 2350 -64 56376096 5
1 2351 -64 56376096 5
1 2352 -98 56376096 5
1 2353 -97 56376096 5
1 2354 -97 56376096 5
1 2355 -97 56376096 5
1 2356 -97 56376096 5
1 2357 -97 56376096 5
1 2358 -80 56376096 5
1 2359 -64 56376096 5
1 2360 -64 56376096 5
1 2361 -64 56376096 5
1 2362 -64 56376096 5
1 2363 -64 56376096 5
1 2364 -64 56376096 5
1 2365 -64 56376096 5
1 2366 -64 56376096 5
1 2367 -64 56376096 5
1 2368 -64 56376096 5
1 2369 -64 56376096 5
1 2370 -64 56376096 5
1 2371 -64 56376096 5
1 2372 -64 56376096 5
1 2373 -96 56376096 5
1 2374 -97 56376096 5
1 2375 -96 56376096 5
1 2376 -97 56376096 5
1 2377 -97 56376096 5
1 2378 -97 56376096 5
1 2379 -79 56376096 5
1 2380 -64 56376096 5
1 2381 -64 56376096 5
1 2382 -64 56376096 5
1 2383 -64 56376096 5
1 2384 -64 56376096 5
1 2385 -64 56376096 5
1 2386 -64 56376096 5
1 2387 -64 56376096 5
1 2388 -64 56376096 5
1 2389 -64 56376096 5
1 2390 -64 56376096 5
1 2391 -64 56376096 5
1 2392 -64 56376096 5
1 2393 -64 56376096 5
1 2394 -97 56376096 5
1 2395 -97 56376096 5
1 2396 -97 56376096 5
1 2397 -97 56376096 5
1 2398 -97 56376096 5
1 2399 -97 56376096 5
1 2400 -76 56376096 5
1 2401 -64 56376096 5
1 2402 -64 56376096 5
1 2403 -64 56376096 5
1 2404 -64 56376096 5
1 2405 -64 56376096 5
1 2406 -64 56376096 5
1 2407 -64 56376096 5
1 2408 -64 56376096 5
1 2409 -64 56376096 5
1 2410 -64 56376096 5
1 2411 -64 56376096 5
1 2412 -64 56376096 5
1 2413 -64 56376096 5
1 2414 -64 56376096 5
1 2415 -97 56376096 5
1 2416 -98 56376096 5
1 2417 -98 56376096 5
1 2418 -98 56376096 5
1 2419 -97 56376096 5
1 2420 -97 56376096 5
1 2421 -67 56376096 5
1 2422 -64 56376096 5
1 2423 -64 56376096 5
1 2424 -64 56376096 5
1 2425 -64 56376096 5
1 2426 -64 56376096 5
1 2427 -64 56376096 5
1 2428 -64 56376096 5
1 2429 -64 56376096 5
1 2430 -64 56376096 5
1 2431 -64 56376096 5
1 2432 -64 56376096 5
1 2433 -64 56376096 5
1 2434 -64 56376096 5
1 2435 -64 56376096 5
1 2436 -97 56376096 5
1 2437 -98 56376096 5
1 2438 -97 56376096 5
1 2439 -97 56376096 5
1 2440 -97 56376096 5
1 2441 -97 56376096 5
1 2442 -64 56376096 5
1 2443 -64 56376096 5
1 2444 -64 56376096 5
1 2445 -64 56376096 5
1 2446 -64 56376096 5
1 2447 -64 56376096 5
1 2448 -64 56376096 5
1 2449 -64 56376096 5
1 2450 -64 56376096 5
1 2451 -64 56376096 5
1 2452 -64 56376096 5
1 2453 -64 56376096 5
1 2454 -64 56376096 5
1 2455 -64 56376096 5
1 2456 -88 56376096 5
1 2457 -97 56376096 5
1 2458 -97 56376096 5
1 2459 -97 56376096 5
1 2460 -97 56376096 5
1 2461 -97 56376096 5
1 2462 -97 56376096 5
1 2463 -97 56376096 5
1 2464 -97 56376096 5
1 2465 -96 56376096 5
1 2466 -97 56376096 5
1 2467 -97 56376096 5
1 2468 -97 56376096 5
1 2469 -97 56376096 5
1 2470 -97 56376096 5
1 2471 -97 56376096 5
1 2472 -97 56376096 5
1 2473 -98 56376096 5
1 2474 -97 56376096 5
1 2475 -97 56376096 5
1 2476 -97 56376096 5
1 2477 -97 56376096 5
1 2478 -97 56376096 5
1 2479 -98 56376096 5
1 2480 -97 56376096 5
1 2481 -97 56376096 5
1 2482 -98 56376096 5
1 2483 -97 56376096 5
1 2484 -97 56376096 5
1 2485 -97 56376096 5
1 2486 -97 56376096 5
1 2487 -98 56376096 5
1 2488 -97 56376096 5
1 2489 -97 56376096 5
1 2490 -98 56376096 5
1 2491 -97 56376096 5
1 2492 -97 56376096 5
1 2493 -97 56376096 5
1 2494 -97 56376096 5
1 2495 -97 56376096 5
1 2496 -97 56376096 5
1 2497 -97 56376096 5
1 2498 -98 56376096 5
1 2499 -97 56376096 5
1 2500 -97 56376096 5
1 2501 -97 56376096 5
1 2502 -98 56376096 5
1 2503 -97 56376096 5
1 2504 -97 56376096 5
1 2505 -97 56376096 5
1 2506 -97 56376096 5
1 2507 -97 56376096 5
1 2508 -97 56376096 5
1 2509 -97 56376096 5
1 2510 -97 56376096 5
1 2511 -96 56376096 5
1 2512 -98 56376096 5
1 2513 -97 56376096 5
1 2514 -98 56376096 5
1 2515 -98 56376096 5
1 2516 -97 56376096 5
1 2517 -97 56376096 5
1 2518 -98 56376096 5
1 2519 -97 56376096 5
1 2520 -97 56376096 5
1 2521 -98 56376096 5
1 2522 -97 56376096 5
1 2523 -96 56376096 5
1 2524 -97 56376096 5
1 2525 -97 56376096 5
1 2526 -97 56376096 5
1 2527 -97 56376096 5
1 2528 -97 56376096 5
1 2529 -97 56376096 5
1 2530 -97 56376096 5
1 2531 -97 56376096 5
1 2532 -97 56376096 5
1 2533 -98 56376096 5
1 2534 -97 56376096 5
1 2535 -97 56376096 5
1 2536 -97 56376096 5
1 2537 -97 56376096 5
1 2538 -97 56376096 5
1 2539 -97 56376096 5
1 2540 -97 56376096 5
1 2541 -97 56376096 5
1 2542 -97 56376096 5
1 2543 -97 56376096 5
1 2544 -97 56376096 5
1 2545 -97 56376096 5
1 2546 -97 56376096 5
1 2547 -98 56376096 5
1 2548 -98 56376096 5
1 2549 -97 56376096 5
1 2550 -97 56376096 5
1 2551 -97 56376096 5
1 2552 -97 56376096 5
1 2553 -97 56376096 5
1 2554 -97 56376096 5
1 2555 -98 56376096 5
1 2556 -98 56376096 5
1 2557 -97 56376096 5
1 2558 -97 56376096 5
1 2559 -97 56376096 5
1 2560 -95 56376096 5
1 2561 -97 56580896 6
1 2562 -98 56580896 6
1 2563 -96 56580896 6
1 2564 -97 56580896 6
1 2565 -97 56580896 6
1 2566 -97 56580896 6
1 2567 -98 56580896 6
1 2568 -94 56580896 6
1 2569 -97 56580896 6
1 2570 -97 56580896 6
1 2571 -97 56580896 6
1 2572 -97 56580896 6
1 2573 -97 56580896 6
1 2574 -97 56580896 6
1 2575 -97 56580896 6
1 2576 -97 56580896 6
1 2577 -97 56580896 6
1 2578 -98 56580896 6
1 2579 -97 56580896 6
1 2580 -97 56580896 6
1 2581 -98 56580896 6
1 2582 -97 56580896 6
1 2583 -97 56580896 6
1 2584 -97 56580896 6
1 2585 -98 56580896 6
1 2586 -97 56580896 6
1 2587 -96 56580896 6
1 2588 -97 56580896 6
1 2589 -97 56580896 6
1 2590 -97 56580896 6
1 2591 -97 56580896 6
1 2592 -97 56580896 6
1 2593 -97 56580896 6
1 2594 -97 56580896 6
1 2595 -97 56580896 6
1 2596 -97 56580896 6
1 2597 -97 56580896 6
1 2598 -97 56580896 6
1 2599 -64 56580896 6
1 2600 -64 56580896 6
1 2601 -64 56580896 6
1 2602 -64 56580896 6
1 2603 -64 56580896 6
1 2604 -64 56580896 6
1 2605 -64 56580896 6
1 2606 -64 56580896 6
1 2607 -64 56580896 6
1 2608 -64 56580896 6
1 2609 -64 56580896 6
1 2610 -64 56580896 6
1 2611 -64 56580896 6
1 2612 -64 56580896 6
1 2613 -98 56580896 6
1 2614 -97 56580896 6
1 2615 -97 56580896 6
1 2616 -97 56580896 6
1 2617 -98 56580896 6
1 2618 -97 56580896 6
1 2619 -97 56580896 6
1 2620 -64 56580896 6
1 2621 -64 56580896 6
1 2622 -64 56580896 6
1 2623 -64 56580896 6
1 2624 -64 56580896 6
1 2625 -64 56580896 6
1 2626 -64 56580896 6
1 2627 -64 56580896 6
1 2628 -64 56580896 6
1 2629 -64 56580896 6
1 2630 -64 56580896 6
1 2631 -64 56580896 6
1 2632 -64 56580896 6
1 2633 -64 56580896 6
1 2634 -97 56580896 6
1 2635 -97 56580896 6
1 2636 -97 56580896 6
1 2637 -97 56580896 6
1 2638 -97 56580896 6
1 2639 -97 56580896 6
1 2640 -89 56580896 6
1 2641 -64 56580896 6
1 2642 -64 56580896 6
1 2643 -64 56580896 6
1 2644 -64 56580896 6
1 2645 -64 56580896 6
1 2646 -64 56580896 6
1 2647 -64 56580896 6
1 2648 -64 56580896 6
1 2649 -64 56580896 6
1 2650 -64 56580896 6
1 2651 -64 56580896 6
1 2652 -64 56580896 6
1 2653 -64 56580896 6
1 2654 -64 56580896 6
1 2655 -98 56580896 6
1 2656 -98 56580896 6
1 2657 -97 56580896 6
1 2658 -98 56580896 6
1 2659 -97 56580896 6
1 2660 -97 56580896 6
1 2661 -80 56580896 6
1 2662 -64 56580896 6
1 2663 -64 56580896 6
1 2664 -64 56580896 6
1 2665 -64 56580896 6
1 2666 -64 56580896 6
1 2667 -64 56580896 6
1 2668 -64 56580896 6
1 2669 -64 56580896 6
1 2670 -64 56580896 6
1 2671 -64 56580896 6
1 2672 -64 56580896 6
1 2673 -64 56580896 6
1 2674 -64 56580896 6
1 2675 -64 56580896 6
1 2676 -97 56580896 6
1 2677 -96 56580896 6
1 2678 -98 56580896 6
1 2679 -98 56580896 6
1 2680 -97 56580896 6
1 2681 -97 56580896 6
1 2682 -80 56580896 6
1 2683 -64 56580896 6
1 2684 -64 56580896 6
1 2685 -64 56580896 6
1 2686 -64 56580896 6
1 2687 -64 56580896 6
1 2688 -64 56580896 6
1 2689 -64 56580896 6
1 2690 -64 56580896 6
1 2691 -64 56580896 6
1 2692 -64 56580896 6
1 2693 -64 56580896 6
1 2694 -64 56580896 6
1 2695 -64 56580896 6
1 2696 -64 56580896 6
1 2697 -97 56580896 6
1 2698 -96 56580896 6
1 2699 -97 56580896 6
1 2700 -98 56580896 6
1 2701 -97 56580896 6
1 2702 -98 56580896 6
1 2703 -76 56580896 6
1 2704 -64 56580896 6
1 2705 -64 56580896 6
1 2706 -64 56580896 6
1 2707 -64 56580896 6
1 2708 -64 56580896 6
1 2709 -64 56580896 6
1 2710 -64 56580896 6
1 2711 -64 56580896 6
1 2712 -64 56580896 6
1 2713 -64 56580896 6
1 2714 -64 56580896 6
1 2715 -64 56580896 6
1 2716 -64 56580896 6
1 2717 -64 56580896 6
1 2718 -97 56580896 6
1 2719 -97 56580896 6
1 2720 -97 56580896 6
1 2721 -97 56580896 6
1 2722 -97 56580896 6
1 2723 -97 56580896 6
1 2724 -68 56580896 6
1 2725 -64 56580896 6
1 2726 -64 56580896 6
1 2727 -64 56580896 6
1 2728 -64 56580896 6
1 2729 -64 56580896 6
1 2730 -64 56580896 6
1 2731 -64 56580896 6
1 2732 -64 56580896 6
1 2733 -64 56580896 6
1 2734 -64 56580896 6
1 2735 -64 56580896 6
1 2736 -64 56580896 6
1 2737 -64 56580896 6
1 2738 -64 56580896 6
1 2739 -97 56580896 6
1 2740 -97 56580896 6
1 2741 -97 56580896 6
1 2742 -97 56580896 6
1 2743 -97 56580896 6
1 2744 -97 56580896 6
1 2745 -64 56580896 6
1 2746 -64 56580896 6
1 2747 -64 56580896 6
1 2748 -64 56580896 6
1 2749 -64 56580896 6
1 2750 -64 56580896 6
1 2751 -64 56580896 6
1 2752 -64 56580896 6
1 2753 -64 56580896 6
1 2754 -64 56580896 6
1 2755 -64 56580896 6
1 2756 -64 56580896 6
1 2757 -64 56580896 6
1 2758 -64 56580896 6
1 2759 -89 56580896 6
1 2760 -97 56580896 6
1 2761 -96 56580896 6
1 2762 -97 56580896 6
1 2763 -97 56580896 6
1 2764 -97 56580896 6
1 2765 -96 56580896 6
1 2766 -64 56580896 6
1 2767 -64 56580896 6
1 2768 -64 56580896 6
1 2769 -64 56580896 6
1 2770 -64 56580896 6
1 2771 -64 56580896 6
1 2772 -64 56580896 6
1 2773 -64 56580896 6
1 2774 -64 56580896 6
1 2775 -64 56580896 6
1 2776 -64 56580896 6
1 2777 -64 56580896 6
1 2778 -64 56580896 6
1 2779 -64 56580896 6
1 2780 -97 56580896 6
1 2781 -97 56580896 6
1 2782 -97 56580896 6
1 2783 -97 56580896 6
1 2784 -97 56580896 6
1 2785 -97 56580896 6
1 2786 -97 56580896 6
1 2787 -64 56580896 6
1 2788 -64 56580896 6
1 2789 -64 56580896 6
1 2790 -64 56580896 6
1 2791 -64 56580896 6
1 2792 -64 56580896 6
1 2793 -64 56580896 6
1 2794 -64 56580896 6
1 2795 -64 56580896 6
1 2796 -64 56580896 6
1 2797 -64 56580896 6
1 2798 -64 56580896 6
1 2799 -64 56580896 6
1 2800 -64 56580896 6
1 2801 -98 56580896 6
1 2802 -97 56580896 6
1 2803 -97 56580896 6
1 2804 -97 56580896 6
1 2805 -98 56580896 6
1 2806 -97 56580896 6
1 2807 -97 56580896 6
1 2808 -64 56580896 6
1 2809 -64 56580896 6
1 2810 -64 56580896 6
1 2811 -64 56580896 6
1 2812 -64 56580896 6
1 2813 -64 56580896 6
1 2814 -64 56580896 6
1 2815 -64 56580896 6
1 2816 -64 56580896 6
1 2817 -64 56580896 6
1 2818 -64 56580896 6
1 2819 -64 56580896 6
1 2820 -64 56580896 6
1 2821 -64 56580896 6
1 2822 -98 56580896 6
1 2823 -97 56580896 6
1 2824 -97 56580896 6
1 2825 -97 56580896 6
1 2826 -97 56580896 6
1 2827 -97 56580896 6
1 2828 -92 56580896 6
1 2829 -64 56580896 6
1 2830 -64 56580896 6
1 2831 -64 56580896 6
1 2832 -64 56580896 6
1 2833 -64 56580896 6
1 2834 -64 56580896 6
1 2835 -64 56580896 6
1 2836 -64 56580896 6
1 2837 -64 56580896 6
1 2838 -64 56580896 6
1 2839 -64 56580896 6
1 2840 -64 56580896 6
1 2841 -64 56580896 6
1 2842 -64 56580896 6
1 2843 -98 56580896 6
1 2844 -97 56580896 6
1 2845 -97 56580896 6
1 2846 -97 56580896 6
1 2847 -97 56580896 6
1 2848 -97 56580896 6
1 2849 -79 56580896 6
1 2850 -64 56580896 6
1 2851 -64 56580896 6
1 2852 -64 56580896 6
1 2853 -64 56580896 6
1 2854 -64 56580896 6
1 2855 -64 56580896 6
1 2856 -64 56580896 6
1 2857 -64 56580896 6
1 2858 -64 56580896 6
1 2859 -64 56580896 6
1 2860 -64 56580896 6
1 2861 -64 56580896 6
1 2862 -64 56580896 6
1 2863 -64 56580896 6
1 2864 -97 56580896 6
1 2865 -97 56580896 6
1 2866 -97 56580896 6
1 2867 -97 56580896 6
1 2868 -97 56580896 6
1 2869 -97 56580896 6
1 2870 -80 56580896 6
1 2871 -64 56580896 6
1 2872 -64 56580896 6
1 2873 -64 56580896 6
1 2874 -64 56580896 6
1 2875 -64 56580896 6
1 2876 -64 56580896 6
1 2877 -64 56580896 6
1 2878 -64 56580896 6
1 2879 -64 56580896 6
1 2880 -64 56580896 6
1 2881 -64 56580896 6
1 2882 -64 56580896 6
1 2883 -64 56580896 6
1 2884 -64 56580896 6
1 2885 -98 56580896 6
1 2886 -97 56580896 6
1 2887 -98 56580896 6
1 2888 -97 56580896 6
1 2889 -97 56580896 6
1 2890 -98 56580896 6
1 2891 -80 56580896 6
1 2892 -64 56580896 6
1 2893 -64 56580896 6
1 2894 -64 56580896 6
1 2895 -64 56580896 6
1 2896 -64 56580896 6
1 2897 -64 56580896 6
1 2898 -64 56580896 6
1 2899 -64 56580896 6
1 2900 -64 56580896 6
1 2901 -64 56580896 6
1 2902 -64 56580896 6
1 2903 -64 56580896 6
1 2904 -64 56580896 6
1 2905 -64 56580896 6
1 2906 -97 56580896 6
1 2907 -97 56580896 6
1 2908 -97 56580896 6
1 2909 -97 56580896 6
1 2910 -93 56580896 6
1 2911 -97 56580896 6
1 2912 -67 56580896 6
1 2913 -64 56580896 6
1 2914 -64 56580896 6
1 2915 -64 56580896 6
1 2916 -64 56580896 6
1 2917 -64 56580896 6
1 2918 -64 56580896 6
1 2919 -64 56580896 6
1 2920 -64 56580896 6
1 2921 -64 56580896 6
1 2922 -64 56580896 6
1 2923 -64 56580896 6
1 2924 -64 56580896 6
1 2925 -64 56580896 6
1 2926 -64 56580896 6
1 2927 -98 56580896 6
1 2928 -97 56580896 6
1 2929 -97 56580896 6
1 2930 -97 56580896 6
1 2931 -97 56580896 6
1 2932 -97 56580896 6
1 2933 -68 56580896 6
1 2934 -64 56580896 6
1 2935 -64 56580896 6
1 2936 -64 56580896 6
1 2937 -64 56580896 6
1 2938 -64 56580896 6
1 2939 -64 56580896 6
1 2940 -64 56580896 6
1 2941 -64 56580896 6
1 2942 -64 56580896 6
1 2943 -64 56580896 6
1 2944 -64 56580896 6
1 2945 -64 56580896 6
1 2946 -64 56580896 6
1 2947 -64 56580896 6
1 2948 -97 56580896 6
1 2949 -97 56580896 6
1 2950 -97 56580896 6
1 2951 -97 56580896 6
1 2952 -97 56580896 6
1 2953 -97 56580896 6
1 2954 -64 56580896 6
1 2955 -64 56580896 6
1 2956 -64 56580896 6
1 2957 -64 56580896 6
1 2958 -64 56580896 6
1 2959 -64 56580896 6
1 2960 -64 56580896 6
1 2961 -64 56580896 6
1 2962 -64 56580896 6
1 2963 -64 56580896 6
1 2964 -64 56580896 6
1 2965 -64 56580896 6
1 2966 -64 56580896 6
1 2967 -64 56580896 6
1 2968 -94 56580896 6
1 2969 -97 56580896 6
1 2970 -97 56580896 6
1 2971 -97 56580896 6
1 2972 -97 56580896 6
1 2973 -97 56580896 6
1 2974 -97 56580896 6
1 2975 -97 56580896 6
1 2976 -97 56580896 6
1 2977 -97 56580896 6
1 2978 -97 56580896 6
1 2979 -97 56580896 6
1 2980 -97 56580896 6
1 2981 -98 56580896 6
1 2982 -97 56580896 6
1 2983 -97 56580896 6
1 2984 -97 56580896 6
1 2985 -97 56580896 6
1 2986 -97 56580896 6
1 2987 -97 56580896 6
1 2988 -98 56580896 6
1 2989 -97 56580896 6
1 2990 -97 56580896 6
1 2991 -97 56580896 6
1 2992 -97 56580896 6
1 2993 -97 56580896 6
1 2994 -97 56580896 6
1 2995 -97 56580896 6
1 2996 -97 56580896 6
1 2997 -97 56580896 6
1 2998 -97 56580896 6
1 2999 -97 56580896 6
1 3000 -97 56580896 6
1 3001 -98 56580896 6
1 3002 -96 56580896 6
1 3003 -97 56580896 6
1 3004 -97 56580896 6
1 3005 -97 56580896 6
1 3006 -94 56580896 6
1 3007 -97 56580896 6
1 3008 -97 56580896 6
1 3009 -97 56580896 6
1 3010 -97 56580896 6
1 3011 -97 56580896 6
1 3012 -97 56580896 6
1 3013 -98 56580896 6
1 3014 -97 56580896 6
1 3015 -98 56580896 6
1 3016 -97 56580896 6
1 3017 -97 56580896 6
1 3018 -97 56580896 6
1 3019 -97 56580896 6
1 3020 -96 56580896 6
1 3021 -97 56580896 6
1 3022 -97 56580896 6
1 3023 -93 56580896 6
1 3024 -98 56580896 6
1 3025 -97 56580896 6
1 3026 -97 56580896 6
1 3027 -97 56580896 6
1 3028 -97 56580896 6
1 3029 -97 56580896 6
1 3030 -97 56580896 6
1 3031 -97 56580896 6
1 3032 -97 56580896 6
1 3033 -97 56580896 6
1 3034 -97 56580896 6
1 3035 -97 56580896 6
1 3036 -97 56580896 6
1 3037 -98 56580896 6
1 3038 -97 56580896 6
1 3039 -97 56580896 6
1 3040 -97 56580896 6
1 3041 -97 56580896 6
1 3042 -97 56580896 6
1 3043 -97 56580896 6
1 3044 -97 56580896 6
1 3045 -97 56580896 6
1 3046 -97 56580896 6
1 3047 -97 56580896 6
1 3048 -97 56580896 6
1 3049 -97 56580896 6
1 3050 -97 56580896 6
1 3051 -97 56580896 6
1 3052 -97 56580896 6
1 3053 -97 56580896 6
1 3054 -97 56580896 6
1 3055 -97 56580896 6
1 3056 -97 56580896 6
1 3057 -97 56580896 6
1 3058 -97 56580896 6
1 3059 -97 56580896 6
1 3060 -97 56580896 6
1 3061 -97 56580896 6
1 3062 -97 56580896 6
1 3063 -97 56580896 6
1 3064 -97 56580896 6
1 3065 -97 56580896 6
1 3066 -96 56580896 6
1 3067 -97 56580896 6
1 3068 -97 56580896 6
1 3069 -97 56580896 6
1 3070 -97 56580896 6
1 3071 -97 56580896 6
1 3072 -97 56580896 6
1 3073 -97 56785696 7
1 3074 -97 56785696 7
1 3075 -97 56785696 7
1 3076 -97 56785696 7
1 3077 -97 56785696 7
1 3078 -97 56785696 7
1 3079 -96 56785696 7
1 3080 -96 56785696 7
1 3081 -98 56785696 7
1 3082 -97 56785696 7
1 3083 -98 56785696 7
1 3084 -97 56785696 7
1 3085 -97 56785696 7
1 3086 -97 56785696 7
1 3087 -96 56785696 7
1 3088 -97 56785696 7
1 3089 -97 56785696 7
1 3090 -97 56785696 7
1 3091 -97 56785696 7
1 3092 -98 56785696 7
1 3093 -97 56785696 7
1 3094 -97 56785696 7
1 3095 -97 56785696 7
1 3096 -97 56785696 7
1 3097 -97 56785696 7
1 3098 -97 56785696 7
1 3099 -97 56785696 7
1 3100 -96 56785696 7
1 3101 -97 56785696 7
1 3102 -98 56785696 7
1 3103 -97 56785696 7
1 3104 -97 56785696 7
1 3105 -97 56785696 7
1 3106 -97 56785696 7
1 3107 -97 56785696 7
1 3108 -98 56785696 7
1 3109 -97 56785696 7
1 3110 -95 56785696 7
1 3111 -64 56785696 7
1 3112 -64 56785696 7
1 3113 -64 56785696 7
1 3114 -64 56785696 7
1 3115 -64 56785696 7
1 3116 -64 56785696 7
1 3117 -64 56785696 7
1 3118 -64 56785696 7
1 3119 -64 56785696 7
1 3120 -64 56785696 7
1 3121 -64 56785696 7
1 3122 -64 56785696 7
1 3123 -64 56785696 7
1 3124 -64 56785696 7
1 3125 -97 56785696 7
1 3126 -97 56785696 7
1 3127 -97 56785696 7
1 3128 -97 56785696 7
1 3129 -97 56785696 7
1 3130 -97 56785696 7
1 3131 -97 56785696 7
1 3132 -64 56785696 7
1 3133 -64 56785696 7
1 3134 -64 56785696 7
1 3135 -64 56785696 7
1 3136 -64 56785696 7
1 3137 -64 56785696 7
1 3138 -64 56785696 7
1 3139 -64 56785696 7
1 3140 -64 56785696 7
1 3141 -64 56785696 7
1 3142 -64 56785696 7
1 3143 -64 56785696 7
1 3144 -64 56785696 7
1 3145 -64 56785696 7
1 3146 -98 56785696 7
1 3147 -97 56785696 7
1 3148 -97 56785696 7
1 3149 -97 56785696 7
1 3150 -97 56785696 7
1 3151 -97 56785696 7
1 3152 -88 56785696 7
1 3153 -64 56785696 7
1 3154 -64 56785696 7
1 3155 -64 56785696 7
1 3156 -64 56785696 7
1 3157 -64 56785696 7
1 3158 -64 56785696 7
1 3159 -64 56785696 7
1 3160 -64 56785696 7
1 3161 -64 56785696 7
1 3162 -64 56785696 7
1 3163 -64 56785696 7
1 3164 -64 56785696 7
1 3165 -64 56785696 7
1 3166 -64 56785696 7
1 3167 -97 56785696 7
1 3168 -97 56785696 7
1 3169 -97 56785696 7
1 3170 -98 56785696 7
1 3171 -97 56785696 7
1 3172 -97 56785696 7
1 3173 -80 56785696 7
1 3174 -64 56785696 7
1 3175 -64 56785696 7
1 3176 -64 56785696 7
1 3177 -64 56785696 7
1 3178 -64 56785696 7
1 3179 -64 56785696 7
1 3180 -64 56785696 7
1 3181 -64 56785696 7
1 3182 -64 56785696 7
1 3183 -64 56785696 7
1 3184 -64 56785696 7
1 3185 -64 56785696 7
1 3186 -64 56785696 7
1 3187 -64 56785696 7
1 3188 -97 56785696 7
1 3189 -97 56785696 7
1 3190 -97 56785696 7
1 3191 -97 56785696 7
1 3192 -97 56785696 7
1 3193 -97 56785696 7
1 3194 -76 56785696 7
1 3195 -64 56785696 7
1 3196 -64 56785696 7
1 3197 -64 56785696 7
1 3198 -64 56785696 7
1 3199 -64 56785696 7
1 3200 -64 56785696 7
1 3201 -64 56785696 7
1 3202 -64 56785696 7
1 3203 -64 56785696 7
1 3204 -64 56785696 7
1 3205 -64 56785696 7
1 3206 -64 56785696 7
1 3207 -64 56785696 7
1 3208 -64 56785696 7
1 3209 -97 56785696 7
1 3210 -97 56785696 7
1 3211 -98 56785696 7
1 3212 -96 56785696 7
1 3213 -97 56785696 7
1 3214 -97 56785696 7
1 3215 -68 56785696 7
1 3216 -64 56785696 7
1 3217 -64 56785696 7
1 3218 -64 56785696 7
1 3219 -64 56785696 7
1 3220 -64 56785696 7
1 3221 -64 56785696 7
1 3222 -64 56785696 7
1 3223 -64 56785696 7
1 3224 -64 56785696 7
1 3225 -64 56785696 7
1 3226 -64 56785696 7
1 3227 -64 56785696 7
1 3228 -64 56785696 7
1 3229 -64 56785696 7
1 3230 -98 56785696 7
1 3231 -98 56785696 7
1 3232 -97 56785696 7
1 3233 -98 56785696 7
1 3234 -97 56785696 7
1 3235 -98 56785696 7
1 3236 -69 56785696 7
1 3237 -64 56785696 7
1 3238 -64 56785696 7
1 3239 -64 56785696 7
1 3240 -64 56785696 7
1 3241 -64 56785696 7
1 3242 -64 56785696 7
1 3243 -64 56785696 7
1 3244 -64 56785696 7
1 3245 -64 56785696 7
1 3246 -64 56785696 7
1 3247 -64 56785696 7
1 3248 -64 56785696 7
1 3249 -64 56785696 7
1 3250 -64 56785696 7
1 3251 -97 56785696 7
1 3252 -97 56785696 7
1 3253 -97 56785696 7
1 3254 -97 56785696 7
1 3255 -97 56785696 7
1 3256 -97 56785696 7
1 3257 -64 56785696 7
1 3258 -64 56785696 7
1 3259 -64 56785696 7
1 3260 -64 56785696 7
1 3261 -64 56785696 7
1 3262 -64 56785696 7
1 3263 -64 56785696 7
1 3264 -64 56785696 7
1 3265 -64 56785696 7
1 3266 -64 56785696 7
1 3267 -64 56785696 7
1 3268 -64 56785696 7
1 3269 -64 56785696 7
1 3270 -64 56785696 7
1 3271 -92 56785696 7
1 3272 -97 56785696 7
1 3273 -97 56785696 7
1 3274 -97 56785696 7
1 3275 -97 56785696 7
1 3276 -98 56785696 7
1 3277 -98 56785696 7
1 3278 -64 56785696 7
1 3279 -64 56785696 7
1 3280 -64 56785696 7
1 3281 -64 56785696 7
1 3282 -64 56785696 7
1 3283 -64 56785696 7
1 3284 -64 56785696 7
1 3285 -64 56785696 7
1 3286 -64 56785696 7
1 3287 -64 56785696 7
1 3288 -64 56785696 7
1 3289 -64 56785696 7
1 3290 -64 56785696 7
1 3291 -64 56785696 7
1 3292 -98 56785696 7
1 3293 -97 56785696 7
1 3294 -97 56785696 7
1 3295 -96 56785696 7
1 3296 -97 56785696 7
1 3297 -97 56785696 7
1 3298 -97 56785696 7
1 3299 -64 56785696 7
1 3300 -64 56785696 7
1 3301 -64 56785696 7
1 3302 -64 56785696 7
1 3303 -64 56785696 7
1 3304 -64 56785696 7
1 3305 -64 56785696 7
1 3306 -64 56785696 7
1 3307 -64 56785696 7
1 3308 -64 56785696 7
1 3309 -64 56785696 7
1 3310 -64 56785696 7
1 3311 -64 56785696 7
1 3312 -64 56785696 7
1 3313 -98 56785696 7
1 3314 -97 56785696 7
1 3315 -98 56785696 7
1 3316 -97 56785696 7
1 3317 -97 56785696 7
1 3318 -97 56785696 7
1 3319 -97 56785696 7
1 3320 -64 56785696 7
1 3321 -64 56785696 7
1 3322 -64 56785696 7
1 3323 -64 56785696 7
1 3324 -64 56785696 7
1 3325 -64 56785696 7
1 3326 -64 56785696 7
1 3327 -64 56785696 7
1 3328 -64 56785696 7
1 3329 -64 56785696 7
1 3330 -64 56785696 7
1 3331 -64 56785696 7
1 3332 -64 56785696 7
1 3333 -64 56785696 7
1 3334 -97 56785696 7
1 3335 -97 56785696 7
1 3336 -97 56785696 7
1 3337 -98 56785696 7
1 3338 -97 56785696 7
1 3339 -98 56785696 7
1 3340 -90 56785696 7
1 3341 -64 56785696 7
1 3342 -64 56785696 7
1 3343 -64 56785696 7
1 3344 -64 56785696 7
1 3345 -64 56785696 7
1 3346 -64 56785696 7
1 3347 -64 56785696 7
1 3348 -64 56785696 7
1 3349 -64 56785696 7
1 3350 -64 56785696 7
1 3351 -64 56785696 7
1 3352 -64 56785696 7
1 3353 -64 56785696 7
1 3354 -64 56785696 7
1 3355 -97 56785696 7
1 3356 -96 56785696 7
1 3357 -96 56785696 7
1 3358 -97 56785696 7
1 3359 -97 56785696 7
1 3360 -97 56785696 7
1 3361 -82 56785696 7
1 3362 -64 56785696 7
1 3363 -64 56785696 7
1 3364 -64 56785696 7
1 3365 -64 56785696 7
1 3366 -64 56785696 7
1 3367 -64 56785696 7
1 3368 -64 56785696 7
1 3369 -64 56785696 7
1 3370 -64 56785696 7
1 3371 -64 56785696 7
1 3372 -64 56785696 7
1 3373 -64 56785696 7
1 3374 -64 56785696 7
1 3375 -64 56785696 7
1 3376 -98 56785696 7
1 3377 -97 56785696 7
1 3378 -97 56785696 7
1 3379 -97 56785696 7
1 3380 -97 56785696 7
1 3381 -97 56785696 7
1 3382 -82 56785696 7
1 3383 -64 56785696 7
1 3384 -64 56785696 7
1 3385 -64 56785696 7
1 3386 -64 56785696 7
1 3387 -64 56785696 7
1 3388 -64 56785696 7
1 3389 -64 56785696 7
1 3390 -64 56785696 7
1 3391 -64 56785696 7
1 3392 -64 56785696 7
1 3393 -64 56785696 7
1 3394 -64 56785696 7
1 3395 -64 56785696 7
1 3396 -64 56785696 7
1 3397 -97 56785696 7
1 3398 -96 56785696 7
1 3399 -95 56785696 7
1 3400 -96 56785696 7
1 3401 -97 56785696 7
1 3402 -97 56785696 7
1 3403 -78 56785696 7
1 3404 -64 56785696 7
1 3405 -64 56785696 7
1 3406 -64 56785696 7
1 3407 -64 56785696 7
1 3408 -64 56785696 7
1 3409 -64 56785696 7
1 3410 -64 56785696 7
1 3411 -64 56785696 7
1 3412 -64 56785696 7
1 3413 -64 56785696 7
1 3414 -64 56785696 7
1 3415 -64 56785696 7
1 3416 -64 56785696 7
1 3417 -64 56785696 7
1 3418 -97 56785696 7
1 3419 -97 56785696 7
1 3420 -97 56785696 7
1 3421 -97 56785696 7
1 3422 -97 56785696 7
1 3423 -98 56785696 7
1 3424 -77 56785696 7
1 3425 -64 56785696 7
1 3426 -64 56785696 7
1 3427 -64 56785696 7
1 3428 -64 56785696 7
1 3429 -64 56785696 7
1 3430 -64 56785696 7
1 3431 -64 56785696 7
1 3432 -64 56785696 7
1 3433 -64 56785696 7
1 3434 -64 56785696 7
1 3435 -64 56785696 7
1 3436 -64 56785696 7
1 3437 -64 56785696 7
1 3438 -64 56785696 7
1 3439 -97 56785696 7
1 3440 -97 56785696 7
1 3441 -97 56785696 7
1 3442 -97 56785696 7
1 3443 -97 56785696 7
1 3444 -97 56785696 7
1 3445 -69 56785696 7
1 3446 -64 56785696 7
1 3447 -64 56785696 7
1 3448 -64 56785696 7
1 3449 -64 56785696 7
1 3450 -64 56785696 7
1 3451 -64 56785696 7
1 3452 -64 56785696 7
1 3453 -64 56785696 7
1 3454 -64 56785696 7
1 3455 -64 56785696 7
1 3456 -64 56785696 7
1 3457 -64 56785696 7
1 3458 -64 56785696 7
1 3459 -64 56785696 7
1 3460 -97 56785696 7
1 3461 -97 56785696 7
1 3462 -97 56785696 7
1 3463 -97 56785696 7
1 3464 -98 56785696 7
1 3465 -97 56785696 7
1 3466 -64 56785696 7
1 3467 -64 56785696 7
1 3468 -64 56785696 7
1 3469 -64 56785696 7
1 3470 -64 56785696 7
1 3471 -64 56785696 7
1 3472 -64 56785696 7
1 3473 -64 56785696 7
1 3474 -64 56785696 7
1 3475 -64 56785696 7
1 3476 -64 56785696 7
1 3477 -64 56785696 7
1 3478 -64 56785696 7
1 3479 -64 56785696 7
1 3480 -90 56785696 7
1 3481 -97 56785696 7
1 3482 -97 56785696 7
1 3483 -97 56785696 7
1 3484 -98 56785696 7
1 3485 -98 56785696 7
1 3486 -97 56785696 7
1 3487 -97 56785696 7
1 3488 -97 56785696 7
1 3489 -97 56785696 7
1 3490 -97 56785696 7
1 3491 -97 56785696 7
1 3492 -97 56785696 7
1 3493 -97 56785696 7
1 3494 -97 56785696 7
1 3495 -97 56785696 7
1 3496 -98 56785696 7
1 3497 -97 56785696 7
1 3498 -97 56785696 7
1 3499 -97 56785696 7
1 3500 -97 56785696 7
1 3501 -97 56785696 7
1 3502 -97 56785696 7
1 3503 -97 56785696 7
1 3504 -97 56785696 7
1 3505 -97 56785696 7
1 3506 -97 56785696 7
1 3507 -97 56785696 7
1 3508 -97 56785696 7
1 3509 -97 56785696 7
1 3510 -97 56785696 7
1 3511 -94 56785696 7
1 3512 -97 56785696 7
1 3513 -97 56785696 7
1 3514 -98 56785696 7
1 3515 -97 56785696 7
1 3516 -97 56785696 7
1 3517 -97 56785696 7
1 3518 -97 56785696 7
1 3519 -97 56785696 7
1 3520 -97 56785696 7
1 3521 -97 56785696 7
1 3522 -97 56785696 7
1 3523 -97 56785696 7
1 3524 -97 56785696 7
1 3525 -97 56785696 7
1 3526 -97 56785696 7
1 3527 -97 56785696 7
1 3528 -97 56785696 7
1 3529 -97 56785696 7
1 3530 -97 56785696 7
1 3531 -97 56785696 7
1 3532 -97 56785696 7
1 3533 -97 56785696 7
1 3534 -97 56785696 7
1 3535 -97 56785696 7
1 3536 -98 56785696 7
1 3537 -97 56785696 7
1 3538 -97 56785696 7
1 3539 -96 56785696 7
1 3540 -97 56785696 7
1 3541 -97 56785696 7
1 3542 -97 56785696 7
1 3543 -97 56785696 7
1 3544 -97 56785696 7
1 3545 -98 56785696 7
1 3546 -96 56785696 7
1 3547 -97 56785696 7
1 3548 -97 56785696 7
1 3549 -97 56785696 7
1 3550 -97 56785696 7
1 3551 -97 56785696 7
1 3552 -97 56785696 7
1 3553 -97 56785696 7
1 3554 -97 56785696 7
1 3555 -97 56785696 7
1 3556 -97 56785696 7
1 3557 -97 56785696 7
1 3558 -97 56785696 7
1 3559 -97 56785696 7
1 3560 -97 56785696 7
1 3561 -97 56785696 7
1 3562 -97 56785696 7
1 3563 -97 56785696 7
1 3564 -97 56785696 7
1 3565 -97 56785696 7
1 3566 -97 56785696 7
1 3567 -97 56785696 7
1 3568 -97 56785696 7
1 3569 -97 56785696 7
1 3570 -97 56785696 7
1 3571 -97 56785696 7
1 3572 -97 56785696 7
1 3573 -97 56785696 7
1 3574 -97 56785696 7
1 3575 -97 56785696 7
1 3576 -97 56785696 7
1 3577 -96 56785696 7
1 3578 -97 56785696 7
1 3579 -97 56785696 7
1 3580 -97 56785696 7
1 3581 -97 56785696 7
1 3582 -97 56785696 7
1 3583 -97 56785696 7
1 3584 -94 56785696 7
