*** RSS data with 4 KHz sampling ***

[Node Id] [Sequence No] [RSSI(dBm)] [TimeStamp(us)] [Counter No]

1 1 -91 53438080 1
1 2 -93 53438080 1
1 3 -93 53438080 1
1 4 -93 53438080 1
1 5 -93 53438080 1
1 6 -93 53438080 1
1 7 -92 53438080 1
1 8 -94 53438080 1
1 9 -93 53438080 1
1 10 -88 53438080 1
1 11 -88 53438080 1
1 12 -93 53438080 1
1 13 -93 53438080 1
1 14 -94 53438080 1
1 15 -93 53438080 1
1 16 -93 53438080 1
1 17 -93 53438080 1
1 18 -93 53438080 1
1 19 -94 53438080 1
1 20 -94 53438080 1
1 21 -93 53438080 1
1 22 -92 53438080 1
1 23 -92 53438080 1
1 24 -91 53438080 1
1 25 -92 53438080 1
1 26 -93 53438080 1
1 27 -92 53438080 1
1 28 -94 53438080 1
1 29 -90 53438080 1
1 30 -94 53438080 1
1 31 -94 53438080 1
1 32 -95 53438080 1
1 33 -93 53438080 1
1 34 -94 53438080 1
1 35 -94 53438080 1
1 36 -94 53438080 1
1 37 -93 53438080 1
1 38 -94 53438080 1
1 39 -53 53438080 1
1 40 -53 53438080 1
1 41 -53 53438080 1
1 42 -44 53438080 1
1 43 -43 53438080 1
1 44 -43 53438080 1
1 45 -43 53438080 1
1 46 -43 53438080 1
1 47 -43 53438080 1
1 48 -44 53438080 1
1 49 -43 53438080 1
1 50 -43 53438080 1
1 51 -43 53438080 1
1 52 -43 53438080 1
1 53 -37 53438080 1
1 54 -37 53438080 1
1 55 -37 53438080 1
1 56 -37 53438080 1
1 57 -37 53438080 1
1 58 -37 53438080 1
1 59 -37 53438080 1
1 60 -38 53438080 1
1 61 -38 53438080 1
1 62 -38 53438080 1
1 63 -38 53438080 1
1 64 -37 53438080 1
1 65 -53 53438080 1
1 66 -53 53438080 1
1 67 -53 53438080 1
1 68 -53 53438080 1
1 69 -53 53438080 1
1 70 -53 53438080 1
1 71 -53 53438080 1
1 72 -53 53438080 1
1 73 -53 53438080 1
1 74 -53 53438080 1
1 75 -94 53438080 1
1 76 -93 53438080 1
1 77 -94 53438080 1
1 78 -37 53438080 1
1 79 -94 53438080 1
1 80 -94 53438080 1
1 81 -53 53438080 1
1 82 -53 53438080 1
1 83 -53 53438080 1
1 84 -53 53438080 1
1 85 -50 53438080 1
1 86 -44 53438080 1
1 87 -44 53438080 1
1 88 -43 53438080 1
1 89 -43 53438080 1
1 90 -43 53438080 1
1 91 -43 53438080 1
1 92 -45 53438080 1
1 93 -43 53438080 1
1 94 -43 53438080 1
1 95 -37 53438080 1
1 96 -37 53438080 1
1 97 -37 53438080 1
1 98 -37 53438080 1
1 99 -37 53438080 1
1 100 -37 53438080 1
1 101 -37 53438080 1
1 102 -38 53438080 1
1 103 -38 53438080 1
1 104 -38 53438080 1
1 105 -38 53438080 1
1 106 -38 53438080 1
1 107 -38 53438080 1
1 108 -54 53438080 1
1 109 -53 53438080 1
1 110 -53 53438080 1
1 111 -53 53438080 1
1 112 -53 53438080 1
1 113 -53 53438080 1
1 114 -53 53438080 1
1 115 -53 53438080 1
1 116 -74 53438080 1
1 117 -94 53438080 1
1 118 -94 53438080 1
1 119 -94 53438080 1
1 120 -94 53438080 1
1 121 -93 53438080 1
1 122 -94 53438080 1
1 123 -52 53438080 1
1 124 -47 53438080 1
1 125 -40 53438080 1
1 126 -47 53438080 1
1 127 -52 53438080 1
1 128 -52 53438080 1
1 129 -52 53438080 1
1 130 -52 53438080 1
1 131 -46 53438080 1
1 132 -40 53438080 1
1 133 -40 53438080 1
1 134 -40 53438080 1
1 135 -40 53438080 1
1 136 -40 53438080 1
1 137 -37 53438080 1
1 138 -37 53438080 1
1 139 -37 53438080 1
1 140 -37 53438080 1
1 141 -37 53438080 1
1 142 -37 53438080 1
1 143 -87 53438080 1
1 144 -53 53438080 1
1 145 -53 53438080 1
1 146 -53 53438080 1
1 147 -53 53438080 1
1 148 -53 53438080 1
1 149 -53 53438080 1
1 150 -53 53438080 1
1 151 -53 53438080 1
1 152 -53 53438080 1
1 153 -53 53438080 1
1 154 -53 53438080 1
1 155 -53 53438080 1
1 156 -53 53438080 1
1 157 -53 53438080 1
1 158 -93 53438080 1
1 159 -93 53438080 1
1 160 -93 53438080 1
1 161 -93 53438080 1
1 162 -93 53438080 1
1 163 -93 53438080 1
1 164 -93 53438080 1
1 165 -56 53438080 1
1 166 -53 53438080 1
1 167 -53 53438080 1
1 168 -53 53438080 1
1 169 -53 53438080 1
1 170 -53 53438080 1
1 171 -53 53438080 1
1 172 -53 53438080 1
1 173 -53 53438080 1
1 174 -53 53438080 1
1 175 -53 53438080 1
1 176 -53 53438080 1
1 177 -53 53438080 1
1 178 -53 53438080 1
1 179 -53 53438080 1
1 180 -93 53438080 1
1 181 -94 53438080 1
1 182 -94 53438080 1
1 183 -93 53438080 1
1 184 -94 53438080 1
1 185 -93 53438080 1
1 186 -53 53438080 1
1 187 -53 53438080 1
1 188 -53 53438080 1
1 189 -53 53438080 1
1 190 -53 53438080 1
1 191 -53 53438080 1
1 192 -53 53438080 1
1 193 -53 53438080 1
1 194 -53 53438080 1
1 195 -53 53438080 1
1 196 -53 53438080 1
1 197 -53 53438080 1
1 198 -53 53438080 1
1 199 -53 53438080 1
1 200 -83 53438080 1
1 201 -94 53438080 1
1 202 -94 53438080 1
1 203 -94 53438080 1
1 204 -93 53438080 1
1 205 -93 53438080 1
1 206 -93 53438080 1
1 207 -73 53438080 1
1 208 -53 53438080 1
1 209 -53 53438080 1
1 210 -53 53438080 1
1 211 -53 53438080 1
1 212 -53 53438080 1
1 213 -53 53438080 1
1 214 -53 53438080 1
1 215 -53 53438080 1
1 216 -53 53438080 1
1 217 -53 53438080 1
1 218 -53 53438080 1
1 219 -53 53438080 1
1 220 -53 53438080 1
1 221 -53 53438080 1
1 222 -93 53438080 1
1 223 -93 53438080 1
1 224 -94 53438080 1
1 225 -94 53438080 1
1 226 -93 53438080 1
1 227 -93 53438080 1
1 228 -73 53438080 1
1 229 -53 53438080 1
1 230 -53 53438080 1
1 231 -53 53438080 1
1 232 -53 53438080 1
1 233 -53 53438080 1
1 234 -53 53438080 1
1 235 -53 53438080 1
1 236 -53 53438080 1
1 237 -53 53438080 1
1 238 -53 53438080 1
1 239 -53 53438080 1
1 240 -53 53438080 1
1 241 -53 53438080 1
1 242 -53 53438080 1
1 243 -93 53438080 1
1 244 -94 53438080 1
1 245 -94 53438080 1
1 246 -94 53438080 1
1 247 -94 53438080 1
1 248 -94 53438080 1
1 249 -57 53438080 1
1 250 -53 53438080 1
1 251 -53 53438080 1
1 252 -53 53438080 1
1 253 -53 53438080 1
1 254 -53 53438080 1
1 255 -53 53438080 1
1 256 -53 53438080 1
1 257 -53 53438080 1
1 258 -53 53438080 1
1 259 -53 53438080 1
1 260 -53 53438080 1
1 261 -53 53438080 1
1 262 -53 53438080 1
1 263 -53 53438080 1
1 264 -93 53438080 1
1 265 -94 53438080 1
1 266 -94 53438080 1
1 267 -94 53438080 1
1 268 -93 53438080 1
1 269 -93 53438080 1
1 270 -56 53438080 1
1 271 -53 53438080 1
1 272 -53 53438080 1
1 273 -53 53438080 1
1 274 -53 53438080 1
1 275 -53 53438080 1
1 276 -53 53438080 1
1 277 -53 53438080 1
1 278 -53 53438080 1
1 279 -53 53438080 1
1 280 -53 53438080 1
1 281 -53 53438080 1
1 282 -53 53438080 1
1 283 -53 53438080 1
1 284 -53 53438080 1
1 285 -93 53438080 1
1 286 -94 53438080 1
1 287 -94 53438080 1
1 288 -94 53438080 1
1 289 -94 53438080 1
1 290 -94 53438080 1
1 291 -51 53438080 1
1 292 -51 53438080 1
1 293 -52 53438080 1
1 294 -51 53438080 1
1 295 -51 53438080 1
1 296 -51 53438080 1
1 297 -51 53438080 1
1 298 -51 53438080 1
1 299 -51 53438080 1
1 300 -51 53438080 1
1 301 -51 53438080 1
1 302 -51 53438080 1
1 303 -51 53438080 1
1 304 -51 53438080 1
1 305 -84 53438080 1
1 306 -94 53438080 1
1 307 -94 53438080 1
1 308 -94 53438080 1
1 309 -94 53438080 1
1 310 -91 53438080 1
1 311 -83 53438080 1
1 312 -67 53438080 1
1 313 -53 53438080 1
1 314 -53 53438080 1
1 315 -53 53438080 1
1 316 -53 53438080 1
1 317 -53 53438080 1
1 318 -53 53438080 1
1 319 -53 53438080 1
1 320 -53 53438080 1
1 321 -53 53438080 1
1 322 -53 53438080 1
1 323 -53 53438080 1
1 324 -53 53438080 1
1 325 -53 53438080 1
1 326 -53 53438080 1
1 327 -94 53438080 1
1 328 -93 53438080 1
1 329 -94 53438080 1
1 330 -94 53438080 1
1 331 -93 53438080 1
1 332 -94 53438080 1
1 333 -72 53438080 1
1 334 -53 53438080 1
1 335 -53 53438080 1
1 336 -53 53438080 1
1 337 -53 53438080 1
1 338 -53 53438080 1
1 339 -53 53438080 1
1 340 -53 53438080 1
1 341 -53 53438080 1
1 342 -53 53438080 1
1 343 -53 53438080 1
1 344 -53 53438080 1
1 345 -53 53438080 1
1 346 -53 53438080 1
1 347 -53 53438080 1
1 348 -93 53438080 1
1 349 -93 53438080 1
1 350 -93 53438080 1
1 351 -93 53438080 1
1 352 -93 53438080 1
1 353 -93 53438080 1
1 354 -57 53438080 1
1 355 -53 53438080 1
1 356 -53 53438080 1
1 357 -53 53438080 1
1 358 -53 53438080 1
1 359 -53 53438080 1
1 360 -53 53438080 1
1 361 -53 53438080 1
1 362 -53 53438080 1
1 363 -53 53438080 1
1 364 -53 53438080 1
1 365 -53 53438080 1
1 366 -53 53438080 1
1 367 -53 53438080 1
1 368 -53 53438080 1
1 369 -94 53438080 1
1 370 -93 53438080 1
1 371 -93 53438080 1
1 372 -93 53438080 1
1 373 -93 53438080 1
1 374 -93 53438080 1
1 375 -53 53438080 1
1 376 -53 53438080 1
1 377 -53 53438080 1
1 378 -53 53438080 1
1 379 -53 53438080 1
1 380 -53 53438080 1
1 381 -53 53438080 1
1 382 -53 53438080 1
1 383 -53 53438080 1
1 384 -53 53438080 1
1 385 -53 53438080 1
1 386 -53 53438080 1
1 387 -53 53438080 1
1 388 -53 53438080 1
1 389 -84 53438080 1
1 390 -94 53438080 1
1 391 -93 53438080 1
1 392 -93 53438080 1
1 393 -94 53438080 1
1 394 -94 53438080 1
1 395 -94 53438080 1
1 396 -72 53438080 1
1 397 -53 53438080 1
1 398 -53 53438080 1
1 399 -53 53438080 1
1 400 -53 53438080 1
1 401 -53 53438080 1
1 402 -53 53438080 1
1 403 -53 53438080 1
1 404 -53 53438080 1
1 405 -53 53438080 1
1 406 -53 53438080 1
1 407 -53 53438080 1
1 408 -53 53438080 1
1 409 -53 53438080 1
1 410 -53 53438080 1
1 411 -93 53438080 1
1 412 -93 53438080 1
1 413 -92 53438080 1
1 414 -93 53438080 1
1 415 -94 53438080 1
1 416 -93 53438080 1
1 417 -93 53438080 1
1 418 -93 53438080 1
1 419 -93 53438080 1
1 420 -93 53438080 1
1 421 -93 53438080 1
1 422 -93 53438080 1
1 423 -92 53438080 1
1 424 -93 53438080 1
1 425 -94 53438080 1
1 426 -93 53438080 1
1 427 -93 53438080 1
1 428 -94 53438080 1
1 429 -94 53438080 1
1 430 -94 53438080 1
1 431 -94 53438080 1
1 432 -93 53438080 1
1 433 -93 53438080 1
1 434 -93 53438080 1
1 435 -93 53438080 1
1 436 -93 53438080 1
1 437 -93 53438080 1
1 438 -93 53438080 1
1 439 -93 53438080 1
1 440 -94 53438080 1
1 441 -94 53438080 1
1 442 -93 53438080 1
1 443 -93 53438080 1
1 444 -93 53438080 1
1 445 -93 53438080 1
1 446 -93 53438080 1
1 447 -93 53438080 1
1 448 -93 53438080 1
1 449 -93 53438080 1
1 450 -94 53438080 1
1 451 -94 53438080 1
1 452 -95 53438080 1
1 453 -94 53438080 1
1 454 -93 53438080 1
1 455 -94 53438080 1
1 456 -93 53438080 1
1 457 -93 53438080 1
1 458 -93 53438080 1
1 459 -93 53438080 1
1 460 -93 53438080 1
1 461 -93 53438080 1
1 462 -93 53438080 1
1 463 -92 53438080 1
1 464 -93 53438080 1
1 465 -93 53438080 1
1 466 -94 53438080 1
1 467 -93 53438080 1
1 468 -93 53438080 1
1 469 -92 53438080 1
1 470 -93 53438080 1
1 471 -93 53438080 1
1 472 -94 53438080 1
1 473 -86 53438080 1
1 474 -90 53438080 1
1 475 -93 53438080 1
1 476 -94 53438080 1
1 477 -93 53438080 1
1 478 -93 53438080 1
1 479 -93 53438080 1
1 480 -93 53438080 1
1 481 -93 53438080 1
1 482 -93 53438080 1
1 483 -93 53438080 1
1 484 -93 53438080 1
1 485 -93 53438080 1
1 486 -93 53438080 1
1 487 -93 53438080 1
1 488 -93 53438080 1
1 489 -93 53438080 1
1 490 -93 53438080 1
1 491 -93 53438080 1
1 492 -93 53438080 1
1 493 -93 53438080 1
1 494 -92 53438080 1
1 495 -93 53438080 1
1 496 -93 53438080 1
1 497 -93 53438080 1
1 498 -94 53438080 1
1 499 -93 53438080 1
1 500 -93 53438080 1
1 501 -93 53438080 1
1 502 -94 53438080 1
1 503 -93 53438080 1
1 504 -93 53438080 1
1 505 -93 53438080 1
1 506 -93 53438080 1
1 507 -93 53438080 1
1 508 -93 53438080 1
1 509 -93 53438080 1
1 510 -93 53438080 1
1 511 -93 53438080 1
1 512 -94 53438080 1
1 513 -93 53642720 2
1 514 -93 53642720 2
1 515 -93 53642720 2
1 516 -91 53642720 2
1 517 -93 53642720 2
1 518 -92 53642720 2
1 519 -93 53642720 2
1 520 -93 53642720 2
1 521 -93 53642720 2
1 522 -93 53642720 2
1 523 -93 53642720 2
1 524 -93 53642720 2
1 525 -90 53642720 2
1 526 -93 53642720 2
1 527 -93 53642720 2
1 528 -93 53642720 2
1 529 -93 53642720 2
1 530 -92 53642720 2
1 531 -93 53642720 2
1 532 -93 53642720 2
1 533 -93 53642720 2
1 534 -93 53642720 2
1 535 -93 53642720 2
1 536 -93 53642720 2
1 537 -93 53642720 2
1 538 -93 53642720 2
1 539 -93 53642720 2
1 540 -93 53642720 2
1 541 -93 53642720 2
1 542 -93 53642720 2
1 543 -93 53642720 2
1 544 -93 53642720 2
1 545 -93 53642720 2
1 546 -93 53642720 2
1 547 -93 53642720 2
1 548 -93 53642720 2
1 549 -93 53642720 2
1 550 -92 53642720 2
1 551 -52 53642720 2
1 552 -51 53642720 2
1 553 -52 53642720 2
1 554 -51 53642720 2
1 555 -52 53642720 2
1 556 -52 53642720 2
1 557 -51 53642720 2
1 558 -52 53642720 2
1 559 -51 53642720 2
1 560 -52 53642720 2
1 561 -51 53642720 2
1 562 -52 53642720 2
1 563 -51 53642720 2
1 564 -51 53642720 2
1 565 -94 53642720 2
1 566 -94 53642720 2
1 567 -93 53642720 2
1 568 -93 53642720 2
1 569 -92 53642720 2
1 570 -94 53642720 2
1 571 -93 53642720 2
1 572 -57 53642720 2
1 573 -53 53642720 2
1 574 -53 53642720 2
1 575 -53 53642720 2
1 576 -53 53642720 2
1 577 -53 53642720 2
1 578 -53 53642720 2
1 579 -53 53642720 2
1 580 -53 53642720 2
1 581 -53 53642720 2
1 582 -53 53642720 2
1 583 -53 53642720 2
1 584 -53 53642720 2
1 585 -53 53642720 2
1 586 -53 53642720 2
1 587 -93 53642720 2
1 588 -93 53642720 2
1 589 -94 53642720 2
1 590 -94 53642720 2
1 591 -93 53642720 2
1 592 -94 53642720 2
1 593 -53 53642720 2
1 594 -53 53642720 2
1 595 -53 53642720 2
1 596 -53 53642720 2
1 597 -53 53642720 2
1 598 -53 53642720 2
1 599 -53 53642720 2
1 600 -53 53642720 2
1 601 -53 53642720 2
1 602 -53 53642720 2
1 603 -53 53642720 2
1 604 -53 53642720 2
1 605 -53 53642720 2
1 606 -53 53642720 2
1 607 -83 53642720 2
1 608 -87 53642720 2
1 609 -92 53642720 2
1 610 -88 53642720 2
1 611 -86 53642720 2
1 612 -87 53642720 2
1 613 -86 53642720 2
1 614 -68 53642720 2
1 615 -52 53642720 2
1 616 -51 53642720 2
1 617 -52 53642720 2
1 618 -52 53642720 2
1 619 -52 53642720 2
1 620 -51 53642720 2
1 621 -52 53642720 2
1 622 -52 53642720 2
1 623 -51 53642720 2
1 624 -52 53642720 2
1 625 -52 53642720 2
1 626 -52 53642720 2
1 627 -52 53642720 2
1 628 -52 53642720 2
1 629 -94 53642720 2
1 630 -95 53642720 2
1 631 -86 53642720 2
1 632 -86 53642720 2
1 633 -89 53642720 2
1 634 -87 53642720 2
1 635 -53 53642720 2
1 636 -53 53642720 2
1 637 -53 53642720 2
1 638 -53 53642720 2
1 639 -53 53642720 2
1 640 -53 53642720 2
1 641 -53 53642720 2
1 642 -53 53642720 2
1 643 -53 53642720 2
1 644 -53 53642720 2
1 645 -53 53642720 2
1 646 -53 53642720 2
1 647 -53 53642720 2
1 648 -53 53642720 2
1 649 -83 53642720 2
1 650 -93 53642720 2
1 651 -93 53642720 2
1 652 -93 53642720 2
1 653 -93 53642720 2
1 654 -93 53642720 2
1 655 -93 53642720 2
1 656 -77 53642720 2
1 657 -53 53642720 2
1 658 -53 53642720 2
1 659 -53 53642720 2
1 660 -53 53642720 2
1 661 -53 53642720 2
1 662 -53 53642720 2
1 663 -53 53642720 2
1 664 -53 53642720 2
1 665 -53 53642720 2
1 666 -53 53642720 2
1 667 -53 53642720 2
1 668 -53 53642720 2
1 669 -53 53642720 2
1 670 -53 53642720 2
1 671 -92 53642720 2
1 672 -93 53642720 2
1 673 -93 53642720 2
1 674 -93 53642720 2
1 675 -93 53642720 2
1 676 -93 53642720 2
1 677 -71 53642720 2
1 678 -53 53642720 2
1 679 -53 53642720 2
1 680 -53 53642720 2
1 681 -53 53642720 2
1 682 -53 53642720 2
1 683 -53 53642720 2
1 684 -53 53642720 2
1 685 -53 53642720 2
1 686 -53 53642720 2
1 687 -53 53642720 2
1 688 -53 53642720 2
1 689 -53 53642720 2
1 690 -53 53642720 2
1 691 -53 53642720 2
1 692 -93 53642720 2
1 693 -92 53642720 2
1 694 -87 53642720 2
1 695 -86 53642720 2
1 696 -86 53642720 2
1 697 -87 53642720 2
1 698 -68 53642720 2
1 699 -53 53642720 2
1 700 -53 53642720 2
1 701 -53 53642720 2
1 702 -53 53642720 2
1 703 -53 53642720 2
1 704 -53 53642720 2
1 705 -53 53642720 2
1 706 -53 53642720 2
1 707 -53 53642720 2
1 708 -53 53642720 2
1 709 -53 53642720 2
1 710 -53 53642720 2
1 711 -53 53642720 2
1 712 -53 53642720 2
1 713 -87 53642720 2
1 714 -87 53642720 2
1 715 -87 53642720 2
1 716 -87 53642720 2
1 717 -93 53642720 2
1 718 -87 53642720 2
1 719 -69 53642720 2
1 720 -54 53642720 2
1 721 -54 53642720 2
1 722 -54 53642720 2
1 723 -54 53642720 2
1 724 -54 53642720 2
1 725 -54 53642720 2
1 726 -54 53642720 2
1 727 -55 53642720 2
1 728 -54 53642720 2
1 729 -54 53642720 2
1 730 -54 53642720 2
1 731 -54 53642720 2
1 732 -54 53642720 2
1 733 -54 53642720 2
1 734 -90 53642720 2
1 735 -91 53642720 2
1 736 -93 53642720 2
1 737 -94 53642720 2
1 738 -94 53642720 2
1 739 -93 53642720 2
1 740 -57 53642720 2
1 741 -53 53642720 2
1 742 -53 53642720 2
1 743 -53 53642720 2
1 744 -53 53642720 2
1 745 -53 53642720 2
1 746 -53 53642720 2
1 747 -53 53642720 2
1 748 -53 53642720 2
1 749 -53 53642720 2
1 750 -53 53642720 2
1 751 -53 53642720 2
1 752 -53 53642720 2
1 753 -53 53642720 2
1 754 -53 53642720 2
1 755 -93 53642720 2
1 756 -93 53642720 2
1 757 -93 53642720 2
1 758 -94 53642720 2
1 759 -93 53642720 2
1 760 -93 53642720 2
1 761 -58 53642720 2
1 762 -53 53642720 2
1 763 -53 53642720 2
1 764 -53 53642720 2
1 765 -53 53642720 2
1 766 -53 53642720 2
1 767 -53 53642720 2
1 768 -53 53642720 2
1 769 -53 53642720 2
1 770 -53 53642720 2
1 771 -53 53642720 2
1 772 -53 53642720 2
1 773 -53 53642720 2
1 774 -53 53642720 2
1 775 -53 53642720 2
1 776 -93 53642720 2
1 777 -93 53642720 2
1 778 -93 53642720 2
1 779 -94 53642720 2
1 780 -93 53642720 2
1 781 -93 53642720 2
1 782 -53 53642720 2
1 783 -53 53642720 2
1 784 -53 53642720 2
1 785 -53 53642720 2
1 786 -53 53642720 2
1 787 -53 53642720 2
1 788 -53 53642720 2
1 789 -53 53642720 2
1 790 -53 53642720 2
1 791 -53 53642720 2
1 792 -53 53642720 2
1 793 -53 53642720 2
1 794 -53 53642720 2
1 795 -53 53642720 2
1 796 -89 53642720 2
1 797 -93 53642720 2
1 798 -93 53642720 2
1 799 -93 53642720 2
1 800 -94 53642720 2
1 801 -93 53642720 2
1 802 -93 53642720 2
1 803 -75 53642720 2
1 804 -53 53642720 2
1 805 -53 53642720 2
1 806 -53 53642720 2
1 807 -53 53642720 2
1 808 -53 53642720 2
1 809 -53 53642720 2
1 810 -53 53642720 2
1 811 -53 53642720 2
1 812 -53 53642720 2
1 813 -53 53642720 2
1 814 -53 53642720 2
1 815 -53 53642720 2
1 816 -53 53642720 2
1 817 -53 53642720 2
1 818 -94 53642720 2
1 819 -94 53642720 2
1 820 -93 53642720 2
1 821 -86 53642720 2
1 822 -91 53642720 2
1 823 -93 53642720 2
1 824 -65 53642720 2
1 825 -54 53642720 2
1 826 -54 53642720 2
1 827 -54 53642720 2
1 828 -54 53642720 2
1 829 -54 53642720 2
1 830 -54 53642720 2
1 831 -54 53642720 2
1 832 -54 53642720 2
1 833 -54 53642720 2
1 834 -54 53642720 2
1 835 -55 53642720 2
1 836 -55 53642720 2
1 837 -55 53642720 2
1 838 -54 53642720 2
1 839 -93 53642720 2
1 840 -92 53642720 2
1 841 -92 53642720 2
1 842 -94 53642720 2
1 843 -93 53642720 2
1 844 -93 53642720 2
1 845 -58 53642720 2
1 846 -53 53642720 2
1 847 -53 53642720 2
1 848 -53 53642720 2
1 849 -53 53642720 2
1 850 -53 53642720 2
1 851 -53 53642720 2
1 852 -53 53642720 2
1 853 -53 53642720 2
1 854 -53 53642720 2
1 855 -53 53642720 2
1 856 -53 53642720 2
1 857 -53 53642720 2
1 858 -53 53642720 2
1 859 -53 53642720 2
1 860 -93 53642720 2
1 861 -93 53642720 2
1 862 -93 53642720 2
1 863 -93 53642720 2
1 864 -92 53642720 2
1 865 -93 53642720 2
1 866 -59 53642720 2
1 867 -53 53642720 2
1 868 -53 53642720 2
1 869 -53 53642720 2
1 870 -53 53642720 2
1 871 -53 53642720 2
1 872 -53 53642720 2
1 873 -53 53642720 2
1 874 -53 53642720 2
1 875 -53 53642720 2
1 876 -53 53642720 2
1 877 -53 53642720 2
1 878 -53 53642720 2
1 879 -53 53642720 2
1 880 -53 53642720 2
1 881 -94 53642720 2
1 882 -94 53642720 2
1 883 -93 53642720 2
1 884 -93 53642720 2
1 885 -93 53642720 2
1 886 -93 53642720 2
1 887 -53 53642720 2
1 888 -53 53642720 2
1 889 -53 53642720 2
1 890 -53 53642720 2
1 891 -53 53642720 2
1 892 -53 53642720 2
1 893 -53 53642720 2
1 894 -53 53642720 2
1 895 -53 53642720 2
1 896 -53 53642720 2
1 897 -53 53642720 2
1 898 -53 53642720 2
1 899 -53 53642720 2
1 900 -53 53642720 2
1 901 -87 53642720 2
1 902 -93 53642720 2
1 903 -93 53642720 2
1 904 -94 53642720 2
1 905 -93 53642720 2
1 906 -93 53642720 2
1 907 -93 53642720 2
1 908 -73 53642720 2
1 909 -53 53642720 2
1 910 -53 53642720 2
1 911 -53 53642720 2
1 912 -53 53642720 2
1 913 -53 53642720 2
1 914 -53 53642720 2
1 915 -53 53642720 2
1 916 -53 53642720 2
1 917 -53 53642720 2
1 918 -53 53642720 2
1 919 -53 53642720 2
1 920 -53 53642720 2
1 921 -53 53642720 2
1 922 -53 53642720 2
1 923 -93 53642720 2
1 924 -93 53642720 2
1 925 -94 53642720 2
1 926 -94 53642720 2
1 927 -93 53642720 2
1 928 -93 53642720 2
1 929 -93 53642720 2
1 930 -93 53642720 2
1 931 -93 53642720 2
1 932 -93 53642720 2
1 933 -93 53642720 2
1 934 -93 53642720 2
1 935 -93 53642720 2
1 936 -93 53642720 2
1 937 -92 53642720 2
1 938 -93 53642720 2
1 939 -92 53642720 2
1 940 -93 53642720 2
1 941 -92 53642720 2
1 942 -93 53642720 2
1 943 -93 53642720 2
1 944 -93 53642720 2
1 945 -93 53642720 2
1 946 -93 53642720 2
1 947 -93 53642720 2
1 948 -94 53642720 2
1 949 -93 53642720 2
1 950 -90 53642720 2
1 951 -93 53642720 2
1 952 -87 53642720 2
1 953 -83 53642720 2
1 954 -93 53642720 2
1 955 -93 53642720 2
1 956 -93 53642720 2
1 957 -94 53642720 2
1 958 -93 53642720 2
1 959 -93 53642720 2
1 960 -93 53642720 2
1 961 -94 53642720 2
1 962 -93 53642720 2
1 963 -93 53642720 2
1 964 -94 53642720 2
1 965 -94 53642720 2
1 966 -93 53642720 2
1 967 -86 53642720 2
1 968 -85 53642720 2
1 969 -93 53642720 2
1 970 -94 53642720 2
1 971 -93 53642720 2
1 972 -94 53642720 2
1 973 -93 53642720 2
1 974 -94 53642720 2
1 975 -93 53642720 2
1 976 -94 53642720 2
1 977 -93 53642720 2
1 978 -94 53642720 2
1 979 -94 53642720 2
1 980 -94 53642720 2
1 981 -93 53642720 2
1 982 -93 53642720 2
1 983 -93 53642720 2
1 984 -93 53642720 2
1 985 -94 53642720 2
1 986 -93 53642720 2
1 987 -89 53642720 2
1 988 -90 53642720 2
1 989 -89 53642720 2
1 990 -89 53642720 2
1 991 -93 53642720 2
1 992 -90 53642720 2
1 993 -94 53642720 2
1 994 -93 53642720 2
1 995 -93 53642720 2
1 996 -86 53642720 2
1 997 -86 53642720 2
1 998 -90 53642720 2
1 999 -86 53642720 2
1 1000 -87 53642720 2
1 1001 -90 53642720 2
1 1002 -93 53642720 2
1 1003 -93 53642720 2
1 1004 -93 53642720 2
1 1005 -93 53642720 2
1 1006 -93 53642720 2
1 1007 -94 53642720 2
1 1008 -93 53642720 2
1 1009 -93 53642720 2
1 1010 -93 53642720 2
1 1011 -93 53642720 2
1 1012 -93 53642720 2
1 1013 -94 53642720 2
1 1014 -94 53642720 2
1 1015 -94 53642720 2
1 1016 -94 53642720 2
1 1017 -94 53642720 2
1 1018 -93 53642720 2
1 1019 -93 53642720 2
1 1020 -93 53642720 2
1 1021 -92 53642720 2
1 1022 -93 53642720 2
1 1023 -93 53642720 2
1 1024 -93 53642720 2
1 1025 -93 53847456 3
1 1026 -93 53847456 3
1 1027 -93 53847456 3
1 1028 -94 53847456 3
1 1029 -94 53847456 3
1 1030 -94 53847456 3
1 1031 -93 53847456 3
1 1032 -94 53847456 3
1 1033 -93 53847456 3
1 1034 -94 53847456 3
1 1035 -93 53847456 3
1 1036 -94 53847456 3
1 1037 -94 53847456 3
1 1038 -93 53847456 3
1 1039 -93 53847456 3
1 1040 -93 53847456 3
1 1041 -94 53847456 3
1 1042 -94 53847456 3
1 1043 -94 53847456 3
1 1044 -94 53847456 3
1 1045 -94 53847456 3
1 1046 -92 53847456 3
1 1047 -93 53847456 3
1 1048 -94 53847456 3
1 1049 -94 53847456 3
1 1050 -93 53847456 3
1 1051 -94 53847456 3
1 1052 -94 53847456 3
1 1053 -94 53847456 3
1 1054 -94 53847456 3
1 1055 -93 53847456 3
1 1056 -94 53847456 3
1 1057 -93 53847456 3
1 1058 -93 53847456 3
1 1059 -94 53847456 3
1 1060 -94 53847456 3
1 1061 -93 53847456 3
1 1062 -94 53847456 3
1 1063 -53 53847456 3
1 1064 -53 53847456 3
1 1065 -53 53847456 3
1 1066 -53 53847456 3
1 1067 -53 53847456 3
1 1068 -53 53847456 3
1 1069 -53 53847456 3
1 1070 -53 53847456 3
1 1071 -53 53847456 3
1 1072 -53 53847456 3
1 1073 -53 53847456 3
1 1074 -53 53847456 3
1 1075 -53 53847456 3
1 1076 -53 53847456 3
1 1077 -94 53847456 3
1 1078 -94 53847456 3
1 1079 -93 53847456 3
1 1080 -93 53847456 3
1 1081 -94 53847456 3
1 1082 -94 53847456 3
1 1083 -94 53847456 3
1 1084 -52 53847456 3
1 1085 -53 53847456 3
1 1086 -53 53847456 3
1 1087 -53 53847456 3
1 1088 -53 53847456 3
1 1089 -53 53847456 3
1 1090 -53 53847456 3
1 1091 -53 53847456 3
1 1092 -53 53847456 3
1 1093 -53 53847456 3
1 1094 -53 53847456 3
1 1095 -53 53847456 3
1 1096 -53 53847456 3
1 1097 -53 53847456 3
1 1098 -79 53847456 3
1 1099 -94 53847456 3
1 1100 -95 53847456 3
1 1101 -94 53847456 3
1 1102 -94 53847456 3
1 1103 -94 53847456 3
1 1104 -93 53847456 3
1 1105 -53 53847456 3
1 1106 -53 53847456 3
1 1107 -53 53847456 3
1 1108 -53 53847456 3
1 1109 -53 53847456 3
1 1110 -53 53847456 3
1 1111 -53 53847456 3
1 1112 -53 53847456 3
1 1113 -53 53847456 3
1 1114 -53 53847456 3
1 1115 -53 53847456 3
1 1116 -53 53847456 3
1 1117 -53 53847456 3
1 1118 -53 53847456 3
1 1119 -88 53847456 3
1 1120 -94 53847456 3
1 1121 -94 53847456 3
1 1122 -93 53847456 3
1 1123 -93 53847456 3
1 1124 -93 53847456 3
1 1125 -94 53847456 3
1 1126 -68 53847456 3
1 1127 -53 53847456 3
1 1128 -53 53847456 3
1 1129 -53 53847456 3
1 1130 -53 53847456 3
1 1131 -53 53847456 3
1 1132 -53 53847456 3
1 1133 -53 53847456 3
1 1134 -53 53847456 3
1 1135 -53 53847456 3
1 1136 -53 53847456 3
1 1137 -53 53847456 3
1 1138 -53 53847456 3
1 1139 -53 53847456 3
1 1140 -53 53847456 3
1 1141 -93 53847456 3
1 1142 -93 53847456 3
1 1143 -93 53847456 3
1 1144 -93 53847456 3
1 1145 -93 53847456 3
1 1146 -94 53847456 3
1 1147 -58 53847456 3
1 1148 -53 53847456 3
1 1149 -53 53847456 3
1 1150 -53 53847456 3
1 1151 -53 53847456 3
1 1152 -53 53847456 3
1 1153 -53 53847456 3
1 1154 -53 53847456 3
1 1155 -53 53847456 3
1 1156 -53 53847456 3
1 1157 -53 53847456 3
1 1158 -53 53847456 3
1 1159 -53 53847456 3
1 1160 -53 53847456 3
1 1161 -53 53847456 3
1 1162 -86 53847456 3
1 1163 -86 53847456 3
1 1164 -86 53847456 3
1 1165 -86 53847456 3
1 1166 -89 53847456 3
1 1167 -86 53847456 3
1 1168 -53 53847456 3
1 1169 -53 53847456 3
1 1170 -53 53847456 3
1 1171 -53 53847456 3
1 1172 -53 53847456 3
1 1173 -53 53847456 3
1 1174 -53 53847456 3
1 1175 -53 53847456 3
1 1176 -53 53847456 3
1 1177 -53 53847456 3
1 1178 -53 53847456 3
1 1179 -53 53847456 3
1 1180 -53 53847456 3
1 1181 -53 53847456 3
1 1182 -82 53847456 3
1 1183 -93 53847456 3
1 1184 -94 53847456 3
1 1185 -94 53847456 3
1 1186 -94 53847456 3
1 1187 -94 53847456 3
1 1188 -94 53847456 3
1 1189 -73 53847456 3
1 1190 -53 53847456 3
1 1191 -53 53847456 3
1 1192 -53 53847456 3
1 1193 -53 53847456 3
1 1194 -53 53847456 3
1 1195 -53 53847456 3
1 1196 -53 53847456 3
1 1197 -53 53847456 3
1 1198 -53 53847456 3
1 1199 -53 53847456 3
1 1200 -53 53847456 3
1 1201 -53 53847456 3
1 1202 -53 53847456 3
1 1203 -53 53847456 3
1 1204 -93 53847456 3
1 1205 -93 53847456 3
1 1206 -93 53847456 3
1 1207 -93 53847456 3
1 1208 -93 53847456 3
1 1209 -93 53847456 3
1 1210 -73 53847456 3
1 1211 -53 53847456 3
1 1212 -53 53847456 3
1 1213 -53 53847456 3
1 1214 -53 53847456 3
1 1215 -53 53847456 3
1 1216 -53 53847456 3
1 1217 -53 53847456 3
1 1218 -53 53847456 3
1 1219 -53 53847456 3
1 1220 -53 53847456 3
1 1221 -53 53847456 3
1 1222 -53 53847456 3
1 1223 -53 53847456 3
1 1224 -53 53847456 3
1 1225 -94 53847456 3
1 1226 -94 53847456 3
1 1227 -93 53847456 3
1 1228 -94 53847456 3
1 1229 -94 53847456 3
1 1230 -94 53847456 3
1 1231 -69 53847456 3
1 1232 -53 53847456 3
1 1233 -53 53847456 3
1 1234 -53 53847456 3
1 1235 -53 53847456 3
1 1236 -53 53847456 3
1 1237 -53 53847456 3
1 1238 -53 53847456 3
1 1239 -53 53847456 3
1 1240 -53 53847456 3
1 1241 -53 53847456 3
1 1242 -53 53847456 3
1 1243 -53 53847456 3
1 1244 -53 53847456 3
1 1245 -53 53847456 3
1 1246 -94 53847456 3
1 1247 -94 53847456 3
1 1248 -94 53847456 3
1 1249 -94 53847456 3
1 1250 -94 53847456 3
1 1251 -93 53847456 3
1 1252 -58 53847456 3
1 1253 -53 53847456 3
1 1254 -53 53847456 3
1 1255 -53 53847456 3
1 1256 -53 53847456 3
1 1257 -53 53847456 3
1 1258 -53 53847456 3
1 1259 -53 53847456 3
1 1260 -53 53847456 3
1 1261 -53 53847456 3
1 1262 -53 53847456 3
1 1263 -53 53847456 3
1 1264 -53 53847456 3
1 1265 -53 53847456 3
1 1266 -53 53847456 3
1 1267 -94 53847456 3
1 1268 -94 53847456 3
1 1269 -80 53847456 3
1 1270 -94 53847456 3
1 1271 -93 53847456 3
1 1272 -94 53847456 3
1 1273 -53 53847456 3
1 1274 -53 53847456 3
1 1275 -53 53847456 3
1 1276 -53 53847456 3
1 1277 -53 53847456 3
1 1278 -53 53847456 3
1 1279 -53 53847456 3
1 1280 -53 53847456 3
1 1281 -53 53847456 3
1 1282 -53 53847456 3
1 1283 -53 53847456 3
1 1284 -53 53847456 3
1 1285 -53 53847456 3
1 1286 -53 53847456 3
1 1287 -82 53847456 3
1 1288 -93 53847456 3
1 1289 -94 53847456 3
1 1290 -95 53847456 3
1 1291 -93 53847456 3
1 1292 -93 53847456 3
1 1293 -94 53847456 3
1 1294 -73 53847456 3
1 1295 -53 53847456 3
1 1296 -53 53847456 3
1 1297 -53 53847456 3
1 1298 -53 53847456 3
1 1299 -53 53847456 3
1 1300 -53 53847456 3
1 1301 -53 53847456 3
1 1302 -53 53847456 3
1 1303 -53 53847456 3
1 1304 -53 53847456 3
1 1305 -53 53847456 3
1 1306 -53 53847456 3
1 1307 -53 53847456 3
1 1308 -53 53847456 3
1 1309 -94 53847456 3
1 1310 -94 53847456 3
1 1311 -93 53847456 3
1 1312 -93 53847456 3
1 1313 -94 53847456 3
1 1314 -93 53847456 3
1 1315 -68 53847456 3
1 1316 -55 53847456 3
1 1317 -55 53847456 3
1 1318 -55 53847456 3
1 1319 -55 53847456 3
1 1320 -55 53847456 3
1 1321 -55 53847456 3
1 1322 -55 53847456 3
1 1323 -55 53847456 3
1 1324 -55 53847456 3
1 1325 -55 53847456 3
1 1326 -55 53847456 3
1 1327 -55 53847456 3
1 1328 -55 53847456 3
1 1329 -55 53847456 3
1 1330 -94 53847456 3
1 1331 -94 53847456 3
1 1332 -94 53847456 3
1 1333 -94 53847456 3
1 1334 -94 53847456 3
1 1335 -94 53847456 3
1 1336 -68 53847456 3
1 1337 -53 53847456 3
1 1338 -53 53847456 3
1 1339 -53 53847456 3
1 1340 -53 53847456 3
1 1341 -53 53847456 3
1 1342 -53 53847456 3
1 1343 -53 53847456 3
1 1344 -53 53847456 3
1 1345 -53 53847456 3
1 1346 -53 53847456 3
1 1347 -53 53847456 3
1 1348 -53 53847456 3
1 1349 -53 53847456 3
1 1350 -53 53847456 3
1 1351 -93 53847456 3
1 1352 -93 53847456 3
1 1353 -93 53847456 3
1 1354 -93 53847456 3
1 1355 -93 53847456 3
1 1356 -94 53847456 3
1 1357 -58 53847456 3
1 1358 -53 53847456 3
1 1359 -53 53847456 3
1 1360 -53 53847456 3
1 1361 -53 53847456 3
1 1362 -53 53847456 3
1 1363 -53 53847456 3
1 1364 -53 53847456 3
1 1365 -53 53847456 3
1 1366 -53 53847456 3
1 1367 -53 53847456 3
1 1368 -53 53847456 3
1 1369 -53 53847456 3
1 1370 -53 53847456 3
1 1371 -53 53847456 3
1 1372 -93 53847456 3
1 1373 -93 53847456 3
1 1374 -92 53847456 3
1 1375 -91 53847456 3
1 1376 -93 53847456 3
1 1377 -93 53847456 3
1 1378 -52 53847456 3
1 1379 -53 53847456 3
1 1380 -53 53847456 3
1 1381 -53 53847456 3
1 1382 -53 53847456 3
1 1383 -53 53847456 3
1 1384 -53 53847456 3
1 1385 -53 53847456 3
1 1386 -53 53847456 3
1 1387 -53 53847456 3
1 1388 -53 53847456 3
1 1389 -53 53847456 3
1 1390 -53 53847456 3
1 1391 -53 53847456 3
1 1392 -87 53847456 3
1 1393 -94 53847456 3
1 1394 -95 53847456 3
1 1395 -94 53847456 3
1 1396 -94 53847456 3
1 1397 -94 53847456 3
1 1398 -94 53847456 3
1 1399 -67 53847456 3
1 1400 -53 53847456 3
1 1401 -53 53847456 3
1 1402 -53 53847456 3
1 1403 -53 53847456 3
1 1404 -53 53847456 3
1 1405 -53 53847456 3
1 1406 -53 53847456 3
1 1407 -53 53847456 3
1 1408 -53 53847456 3
1 1409 -53 53847456 3
1 1410 -53 53847456 3
1 1411 -53 53847456 3
1 1412 -53 53847456 3
1 1413 -53 53847456 3
1 1414 -94 53847456 3
1 1415 -93 53847456 3
1 1416 -94 53847456 3
1 1417 -94 53847456 3
1 1418 -94 53847456 3
1 1419 -94 53847456 3
1 1420 -70 53847456 3
1 1421 -53 53847456 3
1 1422 -53 53847456 3
1 1423 -53 53847456 3
1 1424 -53 53847456 3
1 1425 -53 53847456 3
1 1426 -53 53847456 3
1 1427 -53 53847456 3
1 1428 -53 53847456 3
1 1429 -53 53847456 3
1 1430 -53 53847456 3
1 1431 -53 53847456 3
1 1432 -53 53847456 3
1 1433 -53 53847456 3
1 1434 -53 53847456 3
1 1435 -92 53847456 3
1 1436 -91 53847456 3
1 1437 -92 53847456 3
1 1438 -93 53847456 3
1 1439 -94 53847456 3
1 1440 -94 53847456 3
1 1441 -94 53847456 3
1 1442 -94 53847456 3
1 1443 -94 53847456 3
1 1444 -94 53847456 3
1 1445 -93 53847456 3
1 1446 -93 53847456 3
1 1447 -92 53847456 3
1 1448 -94 53847456 3
1 1449 -94 53847456 3
1 1450 -91 53847456 3
1 1451 -91 53847456 3
1 1452 -94 53847456 3
1 1453 -94 53847456 3
1 1454 -94 53847456 3
1 1455 -93 53847456 3
1 1456 -94 53847456 3
1 1457 -93 53847456 3
1 1458 -93 53847456 3
1 1459 -92 53847456 3
1 1460 -93 53847456 3
1 1461 -93 53847456 3
1 1462 -92 53847456 3
1 1463 -93 53847456 3
1 1464 -93 53847456 3
1 1465 -92 53847456 3
1 1466 -94 53847456 3
1 1467 -92 53847456 3
1 1468 -94 53847456 3
1 1469 -94 53847456 3
1 1470 -94 53847456 3
1 1471 -93 53847456 3
1 1472 -91 53847456 3
1 1473 -93 53847456 3
1 1474 -94 53847456 3
1 1475 -93 53847456 3
1 1476 -93 53847456 3
1 1477 -94 53847456 3
1 1478 -94 53847456 3
1 1479 -94 53847456 3
1 1480 -93 53847456 3
1 1481 -93 53847456 3
1 1482 -94 53847456 3
1 1483 -94 53847456 3
1 1484 -94 53847456 3
1 1485 -94 53847456 3
1 1486 -93 53847456 3
1 1487 -93 53847456 3
1 1488 -94 53847456 3
1 1489 -94 53847456 3
1 1490 -93 53847456 3
1 1491 -93 53847456 3
1 1492 -93 53847456 3
1 1493 -93 53847456 3
1 1494 -93 53847456 3
1 1495 -94 53847456 3
1 1496 -93 53847456 3
1 1497 -94 53847456 3
1 1498 -94 53847456 3
1 1499 -93 53847456 3
1 1500 -93 53847456 3
1 1501 -94 53847456 3
1 1502 -93 53847456 3
1 1503 -94 53847456 3
1 1504 -93 53847456 3
1 1505 -93 53847456 3
1 1506 -93 53847456 3
1 1507 -93 53847456 3
1 1508 -93 53847456 3
1 1509 -93 53847456 3
1 1510 -95 53847456 3
1 1511 -94 53847456 3
1 1512 -93 53847456 3
1 1513 -94 53847456 3
1 1514 -93 53847456 3
1 1515 -94 53847456 3
1 1516 -94 53847456 3
1 1517 -94 53847456 3
1 1518 -94 53847456 3
1 1519 -94 53847456 3
1 1520 -94 53847456 3
1 1521 -94 53847456 3
1 1522 -94 53847456 3
1 1523 -95 53847456 3
1 1524 -95 53847456 3
1 1525 -94 53847456 3
1 1526 -94 53847456 3
1 1527 -94 53847456 3
1 1528 -94 53847456 3
1 1529 -94 53847456 3
1 1530 -94 53847456 3
1 1531 -94 53847456 3
1 1532 -94 53847456 3
1 1533 -94 53847456 3
1 1534 -94 53847456 3
1 1535 -94 53847456 3
1 1536 -93 53847456 3
1 1537 -93 54052064 4
1 1538 -94 54052064 4
1 1539 -93 54052064 4
1 1540 -93 54052064 4
1 1541 -93 54052064 4
1 1542 -93 54052064 4
1 1543 -93 54052064 4
1 1544 -93 54052064 4
1 1545 -89 54052064 4
1 1546 -92 54052064 4
1 1547 -94 54052064 4
1 1548 -93 54052064 4
1 1549 -93 54052064 4
1 1550 -94 54052064 4
1 1551 -94 54052064 4
1 1552 -94 54052064 4
1 1553 -85 54052064 4
1 1554 -89 54052064 4
1 1555 -94 54052064 4
1 1556 -93 54052064 4
1 1557 -94 54052064 4
1 1558 -94 54052064 4
1 1559 -94 54052064 4
1 1560 -94 54052064 4
1 1561 -93 54052064 4
1 1562 -93 54052064 4
1 1563 -93 54052064 4
1 1564 -95 54052064 4
1 1565 -93 54052064 4
1 1566 -94 54052064 4
1 1567 -94 54052064 4
1 1568 -94 54052064 4
1 1569 -94 54052064 4
1 1570 -94 54052064 4
1 1571 -94 54052064 4
1 1572 -94 54052064 4
1 1573 -89 54052064 4
1 1574 -88 54052064 4
1 1575 -53 54052064 4
1 1576 -53 54052064 4
1 1577 -53 54052064 4
1 1578 -53 54052064 4
1 1579 -53 54052064 4
1 1580 -53 54052064 4
1 1581 -53 54052064 4
1 1582 -53 54052064 4
1 1583 -53 54052064 4
1 1584 -53 54052064 4
1 1585 -53 54052064 4
1 1586 -53 54052064 4
1 1587 -53 54052064 4
1 1588 -53 54052064 4
1 1589 -93 54052064 4
1 1590 -94 54052064 4
1 1591 -94 54052064 4
1 1592 -94 54052064 4
1 1593 -94 54052064 4
1 1594 -94 54052064 4
1 1595 -94 54052064 4
1 1596 -53 54052064 4
1 1597 -53 54052064 4
1 1598 -53 54052064 4
1 1599 -53 54052064 4
1 1600 -53 54052064 4
1 1601 -53 54052064 4
1 1602 -53 54052064 4
1 1603 -53 54052064 4
1 1604 -53 54052064 4
1 1605 -53 54052064 4
1 1606 -53 54052064 4
1 1607 -53 54052064 4
1 1608 -53 54052064 4
1 1609 -53 54052064 4
1 1610 -77 54052064 4
1 1611 -92 54052064 4
1 1612 -94 54052064 4
1 1613 -93 54052064 4
1 1614 -94 54052064 4
1 1615 -94 54052064 4
1 1616 -94 54052064 4
1 1617 -53 54052064 4
1 1618 -53 54052064 4
1 1619 -53 54052064 4
1 1620 -53 54052064 4
1 1621 -53 54052064 4
1 1622 -53 54052064 4
1 1623 -53 54052064 4
1 1624 -53 54052064 4
1 1625 -53 54052064 4
1 1626 -53 54052064 4
1 1627 -53 54052064 4
1 1628 -53 54052064 4
1 1629 -53 54052064 4
1 1630 -53 54052064 4
1 1631 -87 54052064 4
1 1632 -94 54052064 4
1 1633 -94 54052064 4
1 1634 -93 54052064 4
1 1635 -94 54052064 4
1 1636 -94 54052064 4
1 1637 -94 54052064 4
1 1638 -68 54052064 4
1 1639 -53 54052064 4
1 1640 -53 54052064 4
1 1641 -53 54052064 4
1 1642 -53 54052064 4
1 1643 -53 54052064 4
1 1644 -53 54052064 4
1 1645 -53 54052064 4
1 1646 -53 54052064 4
1 1647 -53 54052064 4
1 1648 -53 54052064 4
1 1649 -53 54052064 4
1 1650 -53 54052064 4
1 1651 -53 54052064 4
1 1652 -53 54052064 4
1 1653 -93 54052064 4
1 1654 -94 54052064 4
1 1655 -94 54052064 4
1 1656 -93 54052064 4
1 1657 -94 54052064 4
1 1658 -93 54052064 4
1 1659 -58 54052064 4
1 1660 -53 54052064 4
1 1661 -53 54052064 4
1 1662 -53 54052064 4
1 1663 -53 54052064 4
1 1664 -53 54052064 4
1 1665 -53 54052064 4
1 1666 -53 54052064 4
1 1667 -53 54052064 4
1 1668 -53 54052064 4
1 1669 -53 54052064 4
1 1670 -53 54052064 4
1 1671 -53 54052064 4
1 1672 -53 54052064 4
1 1673 -53 54052064 4
1 1674 -94 54052064 4
1 1675 -94 54052064 4
1 1676 -93 54052064 4
1 1677 -94 54052064 4
1 1678 -93 54052064 4
1 1679 -93 54052064 4
1 1680 -51 54052064 4
1 1681 -53 54052064 4
1 1682 -53 54052064 4
1 1683 -53 54052064 4
1 1684 -53 54052064 4
1 1685 -53 54052064 4
1 1686 -53 54052064 4
1 1687 -53 54052064 4
1 1688 -53 54052064 4
1 1689 -53 54052064 4
1 1690 -53 54052064 4
1 1691 -53 54052064 4
1 1692 -53 54052064 4
1 1693 -53 54052064 4
1 1694 -87 54052064 4
1 1695 -93 54052064 4
1 1696 -93 54052064 4
1 1697 -93 54052064 4
1 1698 -93 54052064 4
1 1699 -93 54052064 4
1 1700 -93 54052064 4
1 1701 -75 54052064 4
1 1702 -53 54052064 4
1 1703 -53 54052064 4
1 1704 -53 54052064 4
1 1705 -53 54052064 4
1 1706 -53 54052064 4
1 1707 -53 54052064 4
1 1708 -53 54052064 4
1 1709 -53 54052064 4
1 1710 -53 54052064 4
1 1711 -53 54052064 4
1 1712 -53 54052064 4
1 1713 -53 54052064 4
1 1714 -53 54052064 4
1 1715 -53 54052064 4
1 1716 -94 54052064 4
1 1717 -92 54052064 4
1 1718 -92 54052064 4
1 1719 -94 54052064 4
1 1720 -93 54052064 4
1 1721 -93 54052064 4
1 1722 -69 54052064 4
1 1723 -53 54052064 4
1 1724 -53 54052064 4
1 1725 -53 54052064 4
1 1726 -53 54052064 4
1 1727 -53 54052064 4
1 1728 -53 54052064 4
1 1729 -53 54052064 4
1 1730 -53 54052064 4
1 1731 -53 54052064 4
1 1732 -53 54052064 4
1 1733 -53 54052064 4
1 1734 -53 54052064 4
1 1735 -53 54052064 4
1 1736 -53 54052064 4
1 1737 -93 54052064 4
1 1738 -93 54052064 4
1 1739 -94 54052064 4
1 1740 -93 54052064 4
1 1741 -93 54052064 4
1 1742 -94 54052064 4
1 1743 -70 54052064 4
1 1744 -53 54052064 4
1 1745 -53 54052064 4
1 1746 -53 54052064 4
1 1747 -53 54052064 4
1 1748 -53 54052064 4
1 1749 -53 54052064 4
1 1750 -53 54052064 4
1 1751 -53 54052064 4
1 1752 -53 54052064 4
1 1753 -53 54052064 4
1 1754 -53 54052064 4
1 1755 -53 54052064 4
1 1756 -53 54052064 4
1 1757 -53 54052064 4
1 1758 -95 54052064 4
1 1759 -94 54052064 4
1 1760 -93 54052064 4
1 1761 -93 54052064 4
1 1762 -94 54052064 4
1 1763 -93 54052064 4
1 1764 -60 54052064 4
1 1765 -53 54052064 4
1 1766 -53 54052064 4
1 1767 -53 54052064 4
1 1768 -53 54052064 4
1 1769 -53 54052064 4
1 1770 -53 54052064 4
1 1771 -53 54052064 4
1 1772 -53 54052064 4
1 1773 -53 54052064 4
1 1774 -53 54052064 4
1 1775 -53 54052064 4
1 1776 -53 54052064 4
1 1777 -53 54052064 4
1 1778 -53 54052064 4
1 1779 -94 54052064 4
1 1780 -93 54052064 4
1 1781 -94 54052064 4
1 1782 -94 54052064 4
1 1783 -94 54052064 4
1 1784 -94 54052064 4
1 1785 -53 54052064 4
1 1786 -53 54052064 4
1 1787 -53 54052064 4
1 1788 -53 54052064 4
1 1789 -53 54052064 4
1 1790 -53 54052064 4
1 1791 -53 54052064 4
1 1792 -53 54052064 4
1 1793 -53 54052064 4
1 1794 -53 54052064 4
1 1795 -53 54052064 4
1 1796 -53 54052064 4
1 1797 -53 54052064 4
1 1798 -53 54052064 4
1 1799 -87 54052064 4
1 1800 -94 54052064 4
1 1801 -93 54052064 4
1 1802 -94 54052064 4
1 1803 -93 54052064 4
1 1804 -94 54052064 4
1 1805 -94 54052064 4
1 1806 -75 54052064 4
1 1807 -53 54052064 4
1 1808 -53 54052064 4
1 1809 -53 54052064 4
1 1810 -53 54052064 4
1 1811 -53 54052064 4
1 1812 -53 54052064 4
1 1813 -53 54052064 4
1 1814 -53 54052064 4
1 1815 -53 54052064 4
1 1816 -53 54052064 4
1 1817 -53 54052064 4
1 1818 -53 54052064 4
1 1819 -53 54052064 4
1 1820 -53 54052064 4
1 1821 -94 54052064 4
1 1822 -94 54052064 4
1 1823 -93 54052064 4
1 1824 -94 54052064 4
1 1825 -93 54052064 4
1 1826 -94 54052064 4
1 1827 -70 54052064 4
1 1828 -53 54052064 4
1 1829 -53 54052064 4
1 1830 -53 54052064 4
1 1831 -53 54052064 4
1 1832 -53 54052064 4
1 1833 -53 54052064 4
1 1834 -53 54052064 4
1 1835 -53 54052064 4
1 1836 -53 54052064 4
1 1837 -53 54052064 4
1 1838 -53 54052064 4
1 1839 -53 54052064 4
1 1840 -53 54052064 4
1 1841 -53 54052064 4
1 1842 -92 54052064 4
1 1843 -91 54052064 4
1 1844 -93 54052064 4
1 1845 -94 54052064 4
1 1846 -94 54052064 4
1 1847 -94 54052064 4
1 1848 -60 54052064 4
1 1849 -53 54052064 4
1 1850 -53 54052064 4
1 1851 -53 54052064 4
1 1852 -53 54052064 4
1 1853 -53 54052064 4
1 1854 -53 54052064 4
1 1855 -53 54052064 4
1 1856 -53 54052064 4
1 1857 -53 54052064 4
1 1858 -53 54052064 4
1 1859 -53 54052064 4
1 1860 -53 54052064 4
1 1861 -53 54052064 4
1 1862 -53 54052064 4
1 1863 -94 54052064 4
1 1864 -94 54052064 4
1 1865 -93 54052064 4
1 1866 -94 54052064 4
1 1867 -94 54052064 4
1 1868 -93 54052064 4
1 1869 -60 54052064 4
1 1870 -53 54052064 4
1 1871 -53 54052064 4
1 1872 -53 54052064 4
1 1873 -53 54052064 4
1 1874 -53 54052064 4
1 1875 -53 54052064 4
1 1876 -53 54052064 4
1 1877 -53 54052064 4
1 1878 -53 54052064 4
1 1879 -53 54052064 4
1 1880 -53 54052064 4
1 1881 -53 54052064 4
1 1882 -53 54052064 4
1 1883 -53 54052064 4
1 1884 -92 54052064 4
1 1885 -93 54052064 4
1 1886 -94 54052064 4
1 1887 -94 54052064 4
1 1888 -94 54052064 4
1 1889 -94 54052064 4
1 1890 -55 54052064 4
1 1891 -55 54052064 4
1 1892 -55 54052064 4
1 1893 -55 54052064 4
1 1894 -55 54052064 4
1 1895 -55 54052064 4
1 1896 -55 54052064 4
1 1897 -55 54052064 4
1 1898 -55 54052064 4
1 1899 -55 54052064 4
1 1900 -55 54052064 4
1 1901 -55 54052064 4
1 1902 -55 54052064 4
1 1903 -55 54052064 4
1 1904 -88 54052064 4
1 1905 -93 54052064 4
1 1906 -93 54052064 4
1 1907 -94 54052064 4
1 1908 -93 54052064 4
1 1909 -92 54052064 4
1 1910 -94 54052064 4
1 1911 -75 54052064 4
1 1912 -53 54052064 4
1 1913 -53 54052064 4
1 1914 -53 54052064 4
1 1915 -53 54052064 4
1 1916 -53 54052064 4
1 1917 -53 54052064 4
1 1918 -53 54052064 4
1 1919 -53 54052064 4
1 1920 -53 54052064 4
1 1921 -53 54052064 4
1 1922 -53 54052064 4
1 1923 -53 54052064 4
1 1924 -53 54052064 4
1 1925 -53 54052064 4
1 1926 -94 54052064 4
1 1927 -93 54052064 4
1 1928 -92 54052064 4
1 1929 -93 54052064 4
1 1930 -93 54052064 4
1 1931 -93 54052064 4
1 1932 -69 54052064 4
1 1933 -53 54052064 4
1 1934 -53 54052064 4
1 1935 -53 54052064 4
1 1936 -53 54052064 4
1 1937 -53 54052064 4
1 1938 -53 54052064 4
1 1939 -53 54052064 4
1 1940 -53 54052064 4
1 1941 -53 54052064 4
1 1942 -53 54052064 4
1 1943 -53 54052064 4
1 1944 -53 54052064 4
1 1945 -53 54052064 4
1 1946 -53 54052064 4
1 1947 -92 54052064 4
1 1948 -92 54052064 4
1 1949 -93 54052064 4
1 1950 -92 54052064 4
1 1951 -93 54052064 4
1 1952 -93 54052064 4
1 1953 -93 54052064 4
1 1954 -93 54052064 4
1 1955 -94 54052064 4
1 1956 -94 54052064 4
1 1957 -94 54052064 4
1 1958 -93 54052064 4
1 1959 -93 54052064 4
1 1960 -93 54052064 4
1 1961 -91 54052064 4
1 1962 -94 54052064 4
1 1963 -93 54052064 4
1 1964 -93 54052064 4
1 1965 -93 54052064 4
1 1966 -93 54052064 4
1 1967 -93 54052064 4
1 1968 -94 54052064 4
1 1969 -93 54052064 4
1 1970 -94 54052064 4
1 1971 -94 54052064 4
1 1972 -93 54052064 4
1 1973 -94 54052064 4
1 1974 -94 54052064 4
1 1975 -94 54052064 4
1 1976 -93 54052064 4
1 1977 -93 54052064 4
1 1978 -93 54052064 4
1 1979 -93 54052064 4
1 1980 -93 54052064 4
1 1981 -94 54052064 4
1 1982 -93 54052064 4
1 1983 -93 54052064 4
1 1984 -93 54052064 4
1 1985 -93 54052064 4
1 1986 -93 54052064 4
1 1987 -93 54052064 4
1 1988 -93 54052064 4
1 1989 -93 54052064 4
1 1990 -93 54052064 4
1 1991 -94 54052064 4
1 1992 -93 54052064 4
1 1993 -94 54052064 4
1 1994 -93 54052064 4
1 1995 -93 54052064 4
1 1996 -94 54052064 4
1 1997 -93 54052064 4
1 1998 -94 54052064 4
1 1999 -93 54052064 4
1 2000 -93 54052064 4
1 2001 -94 54052064 4
1 2002 -93 54052064 4
1 2003 -93 54052064 4
1 2004 -91 54052064 4
1 2005 -94 54052064 4
1 2006 -94 54052064 4
1 2007 -94 54052064 4
1 2008 -92 54052064 4
1 2009 -94 54052064 4
1 2010 -92 54052064 4
1 2011 -94 54052064 4
1 2012 -93 54052064 4
1 2013 -93 54052064 4
1 2014 -93 54052064 4
1 2015 -92 54052064 4
1 2016 -93 54052064 4
1 2017 -94 54052064 4
1 2018 -93 54052064 4
1 2019 -93 54052064 4
1 2020 -93 54052064 4
1 2021 -94 54052064 4
1 2022 -93 54052064 4
1 2023 -93 54052064 4
1 2024 -94 54052064 4
1 2025 -93 54052064 4
1 2026 -93 54052064 4
1 2027 -93 54052064 4
1 2028 -93 54052064 4
1 2029 -93 54052064 4
1 2030 -93 54052064 4
1 2031 -93 54052064 4
1 2032 -93 54052064 4
1 2033 -93 54052064 4
1 2034 -94 54052064 4
1 2035 -93 54052064 4
1 2036 -92 54052064 4
1 2037 -94 54052064 4
1 2038 -93 54052064 4
1 2039 -93 54052064 4
1 2040 -93 54052064 4
1 2041 -93 54052064 4
1 2042 -94 54052064 4
1 2043 -93 54052064 4
1 2044 -93 54052064 4
1 2045 -90 54052064 4
1 2046 -93 54052064 4
1 2047 -93 54052064 4
1 2048 -93 54052064 4
1 2049 -90 54256672 5
1 2050 -92 54256672 5
1 2051 -93 54256672 5
1 2052 -92 54256672 5
1 2053 -92 54256672 5
1 2054 -92 54256672 5
1 2055 -93 54256672 5
1 2056 -93 54256672 5
1 2057 -94 54256672 5
1 2058 -93 54256672 5
1 2059 -93 54256672 5
1 2060 -93 54256672 5
1 2061 -93 54256672 5
1 2062 -93 54256672 5
1 2063 -94 54256672 5
1 2064 -93 54256672 5
1 2065 -93 54256672 5
1 2066 -94 54256672 5
1 2067 -93 54256672 5
1 2068 -94 54256672 5
1 2069 -93 54256672 5
1 2070 -93 54256672 5
1 2071 -93 54256672 5
1 2072 -93 54256672 5
1 2073 -93 54256672 5
1 2074 -93 54256672 5
1 2075 -93 54256672 5
1 2076 -93 54256672 5
1 2077 -93 54256672 5
1 2078 -93 54256672 5
1 2079 -92 54256672 5
1 2080 -93 54256672 5
1 2081 -93 54256672 5
1 2082 -93 54256672 5
1 2083 -94 54256672 5
1 2084 -93 54256672 5
1 2085 -94 54256672 5
1 2086 -93 54256672 5
1 2087 -53 54256672 5
1 2088 -53 54256672 5
1 2089 -53 54256672 5
1 2090 -53 54256672 5
1 2091 -53 54256672 5
1 2092 -53 54256672 5
1 2093 -53 54256672 5
1 2094 -53 54256672 5
1 2095 -53 54256672 5
1 2096 -53 54256672 5
1 2097 -53 54256672 5
1 2098 -53 54256672 5
1 2099 -53 54256672 5
1 2100 -53 54256672 5
1 2101 -94 54256672 5
1 2102 -94 54256672 5
1 2103 -94 54256672 5
1 2104 -94 54256672 5
1 2105 -94 54256672 5
1 2106 -94 54256672 5
1 2107 -94 54256672 5
1 2108 -54 54256672 5
1 2109 -53 54256672 5
1 2110 -53 54256672 5
1 2111 -53 54256672 5
1 2112 -53 54256672 5
1 2113 -53 54256672 5
1 2114 -53 54256672 5
1 2115 -53 54256672 5
1 2116 -53 54256672 5
1 2117 -53 54256672 5
1 2118 -53 54256672 5
1 2119 -53 54256672 5
1 2120 -53 54256672 5
1 2121 -53 54256672 5
1 2122 -77 54256672 5
1 2123 -94 54256672 5
1 2124 -94 54256672 5
1 2125 -94 54256672 5
1 2126 -94 54256672 5
1 2127 -93 54256672 5
1 2128 -93 54256672 5
1 2129 -53 54256672 5
1 2130 -53 54256672 5
1 2131 -53 54256672 5
1 2132 -53 54256672 5
1 2133 -53 54256672 5
1 2134 -53 54256672 5
1 2135 -53 54256672 5
1 2136 -53 54256672 5
1 2137 -53 54256672 5
1 2138 -53 54256672 5
1 2139 -53 54256672 5
1 2140 -53 54256672 5
1 2141 -53 54256672 5
1 2142 -53 54256672 5
1 2143 -87 54256672 5
1 2144 -94 54256672 5
1 2145 -94 54256672 5
1 2146 -94 54256672 5
1 2147 -93 54256672 5
1 2148 -94 54256672 5
1 2149 -94 54256672 5
1 2150 -69 54256672 5
1 2151 -53 54256672 5
1 2152 -53 54256672 5
1 2153 -53 54256672 5
1 2154 -53 54256672 5
1 2155 -53 54256672 5
1 2156 -53 54256672 5
1 2157 -53 54256672 5
1 2158 -53 54256672 5
1 2159 -53 54256672 5
1 2160 -53 54256672 5
1 2161 -53 54256672 5
1 2162 -53 54256672 5
1 2163 -53 54256672 5
1 2164 -53 54256672 5
1 2165 -93 54256672 5
1 2166 -94 54256672 5
1 2167 -94 54256672 5
1 2168 -95 54256672 5
1 2169 -93 54256672 5
1 2170 -93 54256672 5
1 2171 -58 54256672 5
1 2172 -53 54256672 5
1 2173 -53 54256672 5
1 2174 -53 54256672 5
1 2175 -53 54256672 5
1 2176 -53 54256672 5
1 2177 -53 54256672 5
1 2178 -53 54256672 5
1 2179 -53 54256672 5
1 2180 -53 54256672 5
1 2181 -53 54256672 5
1 2182 -53 54256672 5
1 2183 -53 54256672 5
1 2184 -53 54256672 5
1 2185 -53 54256672 5
1 2186 -93 54256672 5
1 2187 -93 54256672 5
1 2188 -93 54256672 5
1 2189 -93 54256672 5
1 2190 -92 54256672 5
1 2191 -93 54256672 5
1 2192 -51 54256672 5
1 2193 -51 54256672 5
1 2194 -51 54256672 5
1 2195 -51 54256672 5
1 2196 -51 54256672 5
1 2197 -51 54256672 5
1 2198 -51 54256672 5
1 2199 -51 54256672 5
1 2200 -51 54256672 5
1 2201 -51 54256672 5
1 2202 -51 54256672 5
1 2203 -51 54256672 5
1 2204 -51 54256672 5
1 2205 -51 54256672 5
1 2206 -87 54256672 5
1 2207 -93 54256672 5
1 2208 -93 54256672 5
1 2209 -93 54256672 5
1 2210 -94 54256672 5
1 2211 -94 54256672 5
1 2212 -94 54256672 5
1 2213 -74 54256672 5
1 2214 -53 54256672 5
1 2215 -53 54256672 5
1 2216 -53 54256672 5
1 2217 -53 54256672 5
1 2218 -53 54256672 5
1 2219 -53 54256672 5
1 2220 -53 54256672 5
1 2221 -53 54256672 5
1 2222 -53 54256672 5
1 2223 -53 54256672 5
1 2224 -53 54256672 5
1 2225 -53 54256672 5
1 2226 -53 54256672 5
1 2227 -53 54256672 5
1 2228 -93 54256672 5
1 2229 -92 54256672 5
1 2230 -92 54256672 5
1 2231 -94 54256672 5
1 2232 -94 54256672 5
1 2233 -94 54256672 5
1 2234 -69 54256672 5
1 2235 -53 54256672 5
1 2236 -53 54256672 5
1 2237 -53 54256672 5
1 2238 -53 54256672 5
1 2239 -53 54256672 5
1 2240 -53 54256672 5
1 2241 -53 54256672 5
1 2242 -53 54256672 5
1 2243 -53 54256672 5
1 2244 -53 54256672 5
1 2245 -53 54256672 5
1 2246 -53 54256672 5
1 2247 -53 54256672 5
1 2248 -53 54256672 5
1 2249 -94 54256672 5
1 2250 -94 54256672 5
1 2251 -93 54256672 5
1 2252 -93 54256672 5
1 2253 -93 54256672 5
1 2254 -94 54256672 5
1 2255 -58 54256672 5
1 2256 -51 54256672 5
1 2257 -51 54256672 5
1 2258 -51 54256672 5
1 2259 -51 54256672 5
1 2260 -51 54256672 5
1 2261 -51 54256672 5
1 2262 -51 54256672 5
1 2263 -51 54256672 5
1 2264 -51 54256672 5
1 2265 -51 54256672 5
1 2266 -51 54256672 5
1 2267 -51 54256672 5
1 2268 -51 54256672 5
1 2269 -51 54256672 5
1 2270 -94 54256672 5
1 2271 -94 54256672 5
1 2272 -93 54256672 5
1 2273 -94 54256672 5
1 2274 -94 54256672 5
1 2275 -94 54256672 5
1 2276 -54 54256672 5
1 2277 -53 54256672 5
1 2278 -53 54256672 5
1 2279 -53 54256672 5
1 2280 -53 54256672 5
1 2281 -53 54256672 5
1 2282 -53 54256672 5
1 2283 -53 54256672 5
1 2284 -53 54256672 5
1 2285 -53 54256672 5
1 2286 -53 54256672 5
1 2287 -53 54256672 5
1 2288 -53 54256672 5
1 2289 -53 54256672 5
1 2290 -53 54256672 5
1 2291 -94 54256672 5
1 2292 -93 54256672 5
1 2293 -93 54256672 5
1 2294 -94 54256672 5
1 2295 -93 54256672 5
1 2296 -93 54256672 5
1 2297 -53 54256672 5
1 2298 -53 54256672 5
1 2299 -53 54256672 5
1 2300 -53 54256672 5
1 2301 -53 54256672 5
1 2302 -53 54256672 5
1 2303 -53 54256672 5
1 2304 -53 54256672 5
1 2305 -53 54256672 5
1 2306 -53 54256672 5
1 2307 -53 54256672 5
1 2308 -53 54256672 5
1 2309 -53 54256672 5
1 2310 -53 54256672 5
1 2311 -88 54256672 5
1 2312 -94 54256672 5
1 2313 -94 54256672 5
1 2314 -93 54256672 5
1 2315 -94 54256672 5
1 2316 -93 54256672 5
1 2317 -94 54256672 5
1 2318 -74 54256672 5
1 2319 -53 54256672 5
1 2320 -53 54256672 5
1 2321 -53 54256672 5
1 2322 -53 54256672 5
1 2323 -53 54256672 5
1 2324 -53 54256672 5
1 2325 -53 54256672 5
1 2326 -53 54256672 5
1 2327 -53 54256672 5
1 2328 -53 54256672 5
1 2329 -53 54256672 5
1 2330 -53 54256672 5
1 2331 -53 54256672 5
1 2332 -53 54256672 5
1 2333 -94 54256672 5
1 2334 -94 54256672 5
1 2335 -93 54256672 5
1 2336 -93 54256672 5
1 2337 -94 54256672 5
1 2338 -94 54256672 5
1 2339 -70 54256672 5
1 2340 -53 54256672 5
1 2341 -53 54256672 5
1 2342 -53 54256672 5
1 2343 -53 54256672 5
1 2344 -53 54256672 5
1 2345 -53 54256672 5
1 2346 -53 54256672 5
1 2347 -53 54256672 5
1 2348 -53 54256672 5
1 2349 -53 54256672 5
1 2350 -53 54256672 5
1 2351 -53 54256672 5
1 2352 -53 54256672 5
1 2353 -53 54256672 5
1 2354 -94 54256672 5
1 2355 -94 54256672 5
1 2356 -94 54256672 5
1 2357 -94 54256672 5
1 2358 -94 54256672 5
1 2359 -94 54256672 5
1 2360 -61 54256672 5
1 2361 -53 54256672 5
1 2362 -53 54256672 5
1 2363 -53 54256672 5
1 2364 -53 54256672 5
1 2365 -53 54256672 5
1 2366 -53 54256672 5
1 2367 -53 54256672 5
1 2368 -53 54256672 5
1 2369 -53 54256672 5
1 2370 -53 54256672 5
1 2371 -53 54256672 5
1 2372 -53 54256672 5
1 2373 -53 54256672 5
1 2374 -53 54256672 5
1 2375 -92 54256672 5
1 2376 -91 54256672 5
1 2377 -87 54256672 5
1 2378 -87 54256672 5
1 2379 -88 54256672 5
1 2380 -88 54256672 5
1 2381 -53 54256672 5
1 2382 -53 54256672 5
1 2383 -53 54256672 5
1 2384 -53 54256672 5
1 2385 -53 54256672 5
1 2386 -53 54256672 5
1 2387 -53 54256672 5
1 2388 -53 54256672 5
1 2389 -53 54256672 5
1 2390 -53 54256672 5
1 2391 -53 54256672 5
1 2392 -53 54256672 5
1 2393 -53 54256672 5
1 2394 -53 54256672 5
1 2395 -83 54256672 5
1 2396 -92 54256672 5
1 2397 -94 54256672 5
1 2398 -93 54256672 5
1 2399 -94 54256672 5
1 2400 -93 54256672 5
1 2401 -93 54256672 5
1 2402 -75 54256672 5
1 2403 -53 54256672 5
1 2404 -53 54256672 5
1 2405 -53 54256672 5
1 2406 -53 54256672 5
1 2407 -53 54256672 5
1 2408 -53 54256672 5
1 2409 -53 54256672 5
1 2410 -53 54256672 5
1 2411 -53 54256672 5
1 2412 -53 54256672 5
1 2413 -53 54256672 5
1 2414 -53 54256672 5
1 2415 -53 54256672 5
1 2416 -53 54256672 5
1 2417 -93 54256672 5
1 2418 -93 54256672 5
1 2419 -93 54256672 5
1 2420 -94 54256672 5
1 2421 -93 54256672 5
1 2422 -94 54256672 5
1 2423 -68 54256672 5
1 2424 -53 54256672 5
1 2425 -53 54256672 5
1 2426 -53 54256672 5
1 2427 -53 54256672 5
1 2428 -53 54256672 5
1 2429 -53 54256672 5
1 2430 -53 54256672 5
1 2431 -53 54256672 5
1 2432 -53 54256672 5
1 2433 -53 54256672 5
1 2434 -53 54256672 5
1 2435 -53 54256672 5
1 2436 -53 54256672 5
1 2437 -53 54256672 5
1 2438 -95 54256672 5
1 2439 -94 54256672 5
1 2440 -92 54256672 5
1 2441 -87 54256672 5
1 2442 -87 54256672 5
1 2443 -90 54256672 5
1 2444 -67 54256672 5
1 2445 -52 54256672 5
1 2446 -52 54256672 5
1 2447 -52 54256672 5
1 2448 -52 54256672 5
1 2449 -52 54256672 5
1 2450 -52 54256672 5
1 2451 -52 54256672 5
1 2452 -52 54256672 5
1 2453 -52 54256672 5
1 2454 -52 54256672 5
1 2455 -52 54256672 5
1 2456 -52 54256672 5
1 2457 -52 54256672 5
1 2458 -52 54256672 5
1 2459 -93 54256672 5
1 2460 -93 54256672 5
1 2461 -93 54256672 5
1 2462 -93 54256672 5
1 2463 -94 54256672 5
1 2464 -93 54256672 5
1 2465 -94 54256672 5
1 2466 -93 54256672 5
1 2467 -94 54256672 5
1 2468 -93 54256672 5
1 2469 -94 54256672 5
1 2470 -94 54256672 5
1 2471 -93 54256672 5
1 2472 -93 54256672 5
1 2473 -93 54256672 5
1 2474 -93 54256672 5
1 2475 -93 54256672 5
1 2476 -94 54256672 5
1 2477 -94 54256672 5
1 2478 -95 54256672 5
1 2479 -94 54256672 5
1 2480 -93 54256672 5
1 2481 -93 54256672 5
1 2482 -94 54256672 5
1 2483 -94 54256672 5
1 2484 -93 54256672 5
1 2485 -94 54256672 5
1 2486 -94 54256672 5
1 2487 -94 54256672 5
1 2488 -94 54256672 5
1 2489 -94 54256672 5
1 2490 -93 54256672 5
1 2491 -94 54256672 5
1 2492 -93 54256672 5
1 2493 -94 54256672 5
1 2494 -94 54256672 5
1 2495 -93 54256672 5
1 2496 -94 54256672 5
1 2497 -93 54256672 5
1 2498 -94 54256672 5
1 2499 -94 54256672 5
1 2500 -94 54256672 5
1 2501 -89 54256672 5
1 2502 -94 54256672 5
1 2503 -94 54256672 5
1 2504 -94 54256672 5
1 2505 -93 54256672 5
1 2506 -94 54256672 5
1 2507 -94 54256672 5
1 2508 -95 54256672 5
1 2509 -94 54256672 5
1 2510 -94 54256672 5
1 2511 -94 54256672 5
1 2512 -94 54256672 5
1 2513 -94 54256672 5
1 2514 -94 54256672 5
1 2515 -94 54256672 5
1 2516 -94 54256672 5
1 2517 -94 54256672 5
1 2518 -94 54256672 5
1 2519 -94 54256672 5
1 2520 -94 54256672 5
1 2521 -95 54256672 5
1 2522 -94 54256672 5
1 2523 -94 54256672 5
1 2524 -94 54256672 5
1 2525 -93 54256672 5
1 2526 -94 54256672 5
1 2527 -94 54256672 5
1 2528 -92 54256672 5
1 2529 -93 54256672 5
1 2530 -94 54256672 5
1 2531 -94 54256672 5
1 2532 -94 54256672 5
1 2533 -94 54256672 5
1 2534 -94 54256672 5
1 2535 -94 54256672 5
1 2536 -93 54256672 5
1 2537 -94 54256672 5
1 2538 -94 54256672 5
1 2539 -94 54256672 5
1 2540 -94 54256672 5
1 2541 -93 54256672 5
1 2542 -94 54256672 5
1 2543 -93 54256672 5
1 2544 -94 54256672 5
1 2545 -94 54256672 5
1 2546 -93 54256672 5
1 2547 -94 54256672 5
1 2548 -95 54256672 5
1 2549 -94 54256672 5
1 2550 -94 54256672 5
1 2551 -93 54256672 5
1 2552 -94 54256672 5
1 2553 -94 54256672 5
1 2554 -94 54256672 5
1 2555 -93 54256672 5
1 2556 -94 54256672 5
1 2557 -93 54256672 5
1 2558 -93 54256672 5
1 2559 -93 54256672 5
1 2560 -94 54256672 5
1 2561 -94 54461376 6
1 2562 -94 54461376 6
1 2563 -93 54461376 6
1 2564 -93 54461376 6
1 2565 -94 54461376 6
1 2566 -93 54461376 6
1 2567 -93 54461376 6
1 2568 -91 54461376 6
1 2569 -93 54461376 6
1 2570 -94 54461376 6
1 2571 -94 54461376 6
1 2572 -91 54461376 6
1 2573 -95 54461376 6
1 2574 -94 54461376 6
1 2575 -93 54461376 6
1 2576 -94 54461376 6
1 2577 -94 54461376 6
1 2578 -94 54461376 6
1 2579 -93 54461376 6
1 2580 -94 54461376 6
1 2581 -94 54461376 6
1 2582 -94 54461376 6
1 2583 -94 54461376 6
1 2584 -94 54461376 6
1 2585 -93 54461376 6
1 2586 -93 54461376 6
1 2587 -94 54461376 6
1 2588 -94 54461376 6
1 2589 -93 54461376 6
1 2590 -94 54461376 6
1 2591 -93 54461376 6
1 2592 -94 54461376 6
1 2593 -93 54461376 6
1 2594 -93 54461376 6
1 2595 -94 54461376 6
1 2596 -94 54461376 6
1 2597 -93 54461376 6
1 2598 -93 54461376 6
1 2599 -53 54461376 6
1 2600 -53 54461376 6
1 2601 -53 54461376 6
1 2602 -53 54461376 6
1 2603 -53 54461376 6
1 2604 -53 54461376 6
1 2605 -53 54461376 6
1 2606 -53 54461376 6
1 2607 -53 54461376 6
1 2608 -53 54461376 6
1 2609 -53 54461376 6
1 2610 -53 54461376 6
1 2611 -53 54461376 6
1 2612 -53 54461376 6
1 2613 -94 54461376 6
1 2614 -94 54461376 6
1 2615 -93 54461376 6
1 2616 -94 54461376 6
1 2617 -93 54461376 6
1 2618 -94 54461376 6
1 2619 -93 54461376 6
1 2620 -54 54461376 6
1 2621 -53 54461376 6
1 2622 -53 54461376 6
1 2623 -53 54461376 6
1 2624 -53 54461376 6
1 2625 -53 54461376 6
1 2626 -53 54461376 6
1 2627 -53 54461376 6
1 2628 -53 54461376 6
1 2629 -53 54461376 6
1 2630 -53 54461376 6
1 2631 -53 54461376 6
1 2632 -53 54461376 6
1 2633 -53 54461376 6
1 2634 -77 54461376 6
1 2635 -94 54461376 6
1 2636 -93 54461376 6
1 2637 -93 54461376 6
1 2638 -94 54461376 6
1 2639 -93 54461376 6
1 2640 -94 54461376 6
1 2641 -53 54461376 6
1 2642 -55 54461376 6
1 2643 -55 54461376 6
1 2644 -55 54461376 6
1 2645 -55 54461376 6
1 2646 -55 54461376 6
1 2647 -55 54461376 6
1 2648 -54 54461376 6
1 2649 -55 54461376 6
1 2650 -55 54461376 6
1 2651 -55 54461376 6
1 2652 -55 54461376 6
1 2653 -55 54461376 6
1 2654 -55 54461376 6
1 2655 -90 54461376 6
1 2656 -94 54461376 6
1 2657 -94 54461376 6
1 2658 -94 54461376 6
1 2659 -94 54461376 6
1 2660 -94 54461376 6
1 2661 -94 54461376 6
1 2662 -70 54461376 6
1 2663 -53 54461376 6
1 2664 -53 54461376 6
1 2665 -53 54461376 6
1 2666 -53 54461376 6
1 2667 -53 54461376 6
1 2668 -53 54461376 6
1 2669 -53 54461376 6
1 2670 -53 54461376 6
1 2671 -53 54461376 6
1 2672 -53 54461376 6
1 2673 -53 54461376 6
1 2674 -53 54461376 6
1 2675 -53 54461376 6
1 2676 -53 54461376 6
1 2677 -93 54461376 6
1 2678 -94 54461376 6
1 2679 -93 54461376 6
1 2680 -94 54461376 6
1 2681 -94 54461376 6
1 2682 -94 54461376 6
1 2683 -53 54461376 6
1 2684 -53 54461376 6
1 2685 -53 54461376 6
1 2686 -53 54461376 6
1 2687 -53 54461376 6
1 2688 -53 54461376 6
1 2689 -53 54461376 6
1 2690 -53 54461376 6
1 2691 -53 54461376 6
1 2692 -53 54461376 6
1 2693 -53 54461376 6
1 2694 -53 54461376 6
1 2695 -53 54461376 6
1 2696 -53 54461376 6
1 2697 -84 54461376 6
1 2698 -93 54461376 6
1 2699 -94 54461376 6
1 2700 -93 54461376 6
1 2701 -94 54461376 6
1 2702 -94 54461376 6
1 2703 -93 54461376 6
1 2704 -77 54461376 6
1 2705 -53 54461376 6
1 2706 -53 54461376 6
1 2707 -53 54461376 6
1 2708 -53 54461376 6
1 2709 -53 54461376 6
1 2710 -53 54461376 6
1 2711 -53 54461376 6
1 2712 -53 54461376 6
1 2713 -53 54461376 6
1 2714 -53 54461376 6
1 2715 -53 54461376 6
1 2716 -53 54461376 6
1 2717 -53 54461376 6
1 2718 -53 54461376 6
1 2719 -93 54461376 6
1 2720 -93 54461376 6
1 2721 -94 54461376 6
1 2722 -93 54461376 6
1 2723 -92 54461376 6
1 2724 -93 54461376 6
1 2725 -69 54461376 6
1 2726 -53 54461376 6
1 2727 -53 54461376 6
1 2728 -53 54461376 6
1 2729 -53 54461376 6
1 2730 -53 54461376 6
1 2731 -53 54461376 6
1 2732 -53 54461376 6
1 2733 -53 54461376 6
1 2734 -53 54461376 6
1 2735 -53 54461376 6
1 2736 -53 54461376 6
1 2737 -53 54461376 6
1 2738 -53 54461376 6
1 2739 -53 54461376 6
1 2740 -93 54461376 6
1 2741 -93 54461376 6
1 2742 -92 54461376 6
1 2743 -93 54461376 6
1 2744 -93 54461376 6
1 2745 -93 54461376 6
1 2746 -70 54461376 6
1 2747 -53 54461376 6
1 2748 -53 54461376 6
1 2749 -53 54461376 6
1 2750 -53 54461376 6
1 2751 -53 54461376 6
1 2752 -53 54461376 6
1 2753 -53 54461376 6
1 2754 -53 54461376 6
1 2755 -53 54461376 6
1 2756 -53 54461376 6
1 2757 -53 54461376 6
1 2758 -53 54461376 6
1 2759 -53 54461376 6
1 2760 -53 54461376 6
1 2761 -89 54461376 6
1 2762 -87 54461376 6
1 2763 -88 54461376 6
1 2764 -91 54461376 6
1 2765 -92 54461376 6
1 2766 -89 54461376 6
1 2767 -58 54461376 6
1 2768 -55 54461376 6
1 2769 -55 54461376 6
1 2770 -55 54461376 6
1 2771 -55 54461376 6
1 2772 -55 54461376 6
1 2773 -55 54461376 6
1 2774 -55 54461376 6
1 2775 -55 54461376 6
1 2776 -55 54461376 6
1 2777 -55 54461376 6
1 2778 -55 54461376 6
1 2779 -55 54461376 6
1 2780 -55 54461376 6
1 2781 -55 54461376 6
1 2782 -93 54461376 6
1 2783 -93 54461376 6
1 2784 -93 54461376 6
1 2785 -93 54461376 6
1 2786 -93 54461376 6
1 2787 -93 54461376 6
1 2788 -53 54461376 6
1 2789 -53 54461376 6
1 2790 -53 54461376 6
1 2791 -53 54461376 6
1 2792 -53 54461376 6
1 2793 -53 54461376 6
1 2794 -53 54461376 6
1 2795 -53 54461376 6
1 2796 -53 54461376 6
1 2797 -53 54461376 6
1 2798 -53 54461376 6
1 2799 -53 54461376 6
1 2800 -53 54461376 6
1 2801 -53 54461376 6
1 2802 -84 54461376 6
1 2803 -93 54461376 6
1 2804 -93 54461376 6
1 2805 -93 54461376 6
1 2806 -93 54461376 6
1 2807 -94 54461376 6
1 2808 -94 54461376 6
1 2809 -75 54461376 6
1 2810 -53 54461376 6
1 2811 -53 54461376 6
1 2812 -53 54461376 6
1 2813 -53 54461376 6
1 2814 -53 54461376 6
1 2815 -53 54461376 6
1 2816 -53 54461376 6
1 2817 -53 54461376 6
1 2818 -53 54461376 6
1 2819 -53 54461376 6
1 2820 -53 54461376 6
1 2821 -53 54461376 6
1 2822 -53 54461376 6
1 2823 -53 54461376 6
1 2824 -93 54461376 6
1 2825 -95 54461376 6
1 2826 -94 54461376 6
1 2827 -94 54461376 6
1 2828 -93 54461376 6
1 2829 -94 54461376 6
1 2830 -72 54461376 6
1 2831 -53 54461376 6
1 2832 -53 54461376 6
1 2833 -53 54461376 6
1 2834 -53 54461376 6
1 2835 -53 54461376 6
1 2836 -53 54461376 6
1 2837 -53 54461376 6
1 2838 -53 54461376 6
1 2839 -53 54461376 6
1 2840 -53 54461376 6
1 2841 -53 54461376 6
1 2842 -53 54461376 6
1 2843 -53 54461376 6
1 2844 -53 54461376 6
1 2845 -94 54461376 6
1 2846 -94 54461376 6
1 2847 -94 54461376 6
1 2848 -93 54461376 6
1 2849 -93 54461376 6
1 2850 -94 54461376 6
1 2851 -72 54461376 6
1 2852 -53 54461376 6
1 2853 -53 54461376 6
1 2854 -53 54461376 6
1 2855 -53 54461376 6
1 2856 -53 54461376 6
1 2857 -53 54461376 6
1 2858 -53 54461376 6
1 2859 -53 54461376 6
1 2860 -53 54461376 6
1 2861 -53 54461376 6
1 2862 -53 54461376 6
1 2863 -53 54461376 6
1 2864 -53 54461376 6
1 2865 -53 54461376 6
1 2866 -94 54461376 6
1 2867 -94 54461376 6
1 2868 -94 54461376 6
1 2869 -94 54461376 6
1 2870 -94 54461376 6
1 2871 -94 54461376 6
1 2872 -60 54461376 6
1 2873 -53 54461376 6
1 2874 -53 54461376 6
1 2875 -53 54461376 6
1 2876 -53 54461376 6
1 2877 -53 54461376 6
1 2878 -53 54461376 6
1 2879 -53 54461376 6
1 2880 -53 54461376 6
1 2881 -53 54461376 6
1 2882 -53 54461376 6
1 2883 -53 54461376 6
1 2884 -53 54461376 6
1 2885 -53 54461376 6
1 2886 -53 54461376 6
1 2887 -93 54461376 6
1 2888 -93 54461376 6
1 2889 -93 54461376 6
1 2890 -94 54461376 6
1 2891 -94 54461376 6
1 2892 -94 54461376 6
1 2893 -53 54461376 6
1 2894 -53 54461376 6
1 2895 -53 54461376 6
1 2896 -53 54461376 6
1 2897 -53 54461376 6
1 2898 -53 54461376 6
1 2899 -53 54461376 6
1 2900 -53 54461376 6
1 2901 -53 54461376 6
1 2902 -53 54461376 6
1 2903 -53 54461376 6
1 2904 -53 54461376 6
1 2905 -53 54461376 6
1 2906 -53 54461376 6
1 2907 -85 54461376 6
1 2908 -94 54461376 6
1 2909 -92 54461376 6
1 2910 -94 54461376 6
1 2911 -91 54461376 6
1 2912 -81 54461376 6
1 2913 -93 54461376 6
1 2914 -77 54461376 6
1 2915 -53 54461376 6
1 2916 -53 54461376 6
1 2917 -53 54461376 6
1 2918 -53 54461376 6
1 2919 -53 54461376 6
1 2920 -53 54461376 6
1 2921 -53 54461376 6
1 2922 -53 54461376 6
1 2923 -53 54461376 6
1 2924 -53 54461376 6
1 2925 -53 54461376 6
1 2926 -53 54461376 6
1 2927 -53 54461376 6
1 2928 -53 54461376 6
1 2929 -94 54461376 6
1 2930 -93 54461376 6
1 2931 -94 54461376 6
1 2932 -93 54461376 6
1 2933 -93 54461376 6
1 2934 -93 54461376 6
1 2935 -71 54461376 6
1 2936 -53 54461376 6
1 2937 -53 54461376 6
1 2938 -53 54461376 6
1 2939 -53 54461376 6
1 2940 -53 54461376 6
1 2941 -53 54461376 6
1 2942 -53 54461376 6
1 2943 -53 54461376 6
1 2944 -53 54461376 6
1 2945 -53 54461376 6
1 2946 -53 54461376 6
1 2947 -53 54461376 6
1 2948 -53 54461376 6
1 2949 -53 54461376 6
1 2950 -93 54461376 6
1 2951 -94 54461376 6
1 2952 -91 54461376 6
1 2953 -93 54461376 6
1 2954 -94 54461376 6
1 2955 -93 54461376 6
1 2956 -72 54461376 6
1 2957 -53 54461376 6
1 2958 -53 54461376 6
1 2959 -53 54461376 6
1 2960 -53 54461376 6
1 2961 -53 54461376 6
1 2962 -53 54461376 6
1 2963 -53 54461376 6
1 2964 -53 54461376 6
1 2965 -53 54461376 6
1 2966 -53 54461376 6
1 2967 -53 54461376 6
1 2968 -53 54461376 6
1 2969 -53 54461376 6
1 2970 -53 54461376 6
1 2971 -94 54461376 6
1 2972 -94 54461376 6
1 2973 -93 54461376 6
1 2974 -93 54461376 6
1 2975 -94 54461376 6
1 2976 -94 54461376 6
1 2977 -93 54461376 6
1 2978 -93 54461376 6
1 2979 -93 54461376 6
1 2980 -93 54461376 6
1 2981 -94 54461376 6
1 2982 -93 54461376 6
1 2983 -93 54461376 6
1 2984 -93 54461376 6
1 2985 -93 54461376 6
1 2986 -94 54461376 6
1 2987 -93 54461376 6
1 2988 -93 54461376 6
1 2989 -94 54461376 6
1 2990 -94 54461376 6
1 2991 -93 54461376 6
1 2992 -94 54461376 6
1 2993 -93 54461376 6
1 2994 -93 54461376 6
1 2995 -93 54461376 6
1 2996 -93 54461376 6
1 2997 -93 54461376 6
1 2998 -93 54461376 6
1 2999 -93 54461376 6
1 3000 -94 54461376 6
1 3001 -93 54461376 6
1 3002 -93 54461376 6
1 3003 -93 54461376 6
1 3004 -93 54461376 6
1 3005 -93 54461376 6
1 3006 -94 54461376 6
1 3007 -93 54461376 6
1 3008 -87 54461376 6
1 3009 -87 54461376 6
1 3010 -94 54461376 6
1 3011 -94 54461376 6
1 3012 -94 54461376 6
1 3013 -94 54461376 6
1 3014 -94 54461376 6
1 3015 -93 54461376 6
1 3016 -94 54461376 6
1 3017 -93 54461376 6
1 3018 -93 54461376 6
1 3019 -94 54461376 6
1 3020 -94 54461376 6
1 3021 -94 54461376 6
1 3022 -93 54461376 6
1 3023 -92 54461376 6
1 3024 -93 54461376 6
1 3025 -81 54461376 6
1 3026 -89 54461376 6
1 3027 -94 54461376 6
1 3028 -93 54461376 6
1 3029 -93 54461376 6
1 3030 -93 54461376 6
1 3031 -93 54461376 6
1 3032 -94 54461376 6
1 3033 -94 54461376 6
1 3034 -94 54461376 6
1 3035 -92 54461376 6
1 3036 -94 54461376 6
1 3037 -94 54461376 6
1 3038 -93 54461376 6
1 3039 -93 54461376 6
1 3040 -94 54461376 6
1 3041 -94 54461376 6
1 3042 -93 54461376 6
1 3043 -93 54461376 6
1 3044 -94 54461376 6
1 3045 -91 54461376 6
1 3046 -94 54461376 6
1 3047 -95 54461376 6
1 3048 -93 54461376 6
1 3049 -94 54461376 6
1 3050 -94 54461376 6
1 3051 -94 54461376 6
1 3052 -94 54461376 6
1 3053 -94 54461376 6
1 3054 -94 54461376 6
1 3055 -94 54461376 6
1 3056 -94 54461376 6
1 3057 -94 54461376 6
1 3058 -94 54461376 6
1 3059 -94 54461376 6
1 3060 -94 54461376 6
1 3061 -94 54461376 6
1 3062 -94 54461376 6
1 3063 -94 54461376 6
1 3064 -94 54461376 6
1 3065 -94 54461376 6
1 3066 -94 54461376 6
1 3067 -95 54461376 6
1 3068 -94 54461376 6
1 3069 -93 54461376 6
1 3070 -94 54461376 6
1 3071 -94 54461376 6
1 3072 -94 54461376 6
1 3073 -94 54666080 7
1 3074 -94 54666080 7
1 3075 -93 54666080 7
1 3076 -93 54666080 7
1 3077 -93 54666080 7
1 3078 -93 54666080 7
1 3079 -86 54666080 7
1 3080 -85 54666080 7
1 3081 -93 54666080 7
1 3082 -94 54666080 7
1 3083 -94 54666080 7
1 3084 -93 54666080 7
1 3085 -93 54666080 7
1 3086 -93 54666080 7
1 3087 -87 54666080 7
1 3088 -93 54666080 7
1 3089 -94 54666080 7
1 3090 -94 54666080 7
1 3091 -92 54666080 7
1 3092 -94 54666080 7
1 3093 -95 54666080 7
1 3094 -94 54666080 7
1 3095 -92 54666080 7
1 3096 -92 54666080 7
1 3097 -93 54666080 7
1 3098 -93 54666080 7
1 3099 -93 54666080 7
1 3100 -92 54666080 7
1 3101 -93 54666080 7
1 3102 -93 54666080 7
1 3103 -93 54666080 7
1 3104 -93 54666080 7
1 3105 -93 54666080 7
1 3106 -93 54666080 7
1 3107 -93 54666080 7
1 3108 -93 54666080 7
1 3109 -92 54666080 7
1 3110 -89 54666080 7
1 3111 -53 54666080 7
1 3112 -53 54666080 7
1 3113 -53 54666080 7
1 3114 -53 54666080 7
1 3115 -53 54666080 7
1 3116 -53 54666080 7
1 3117 -53 54666080 7
1 3118 -53 54666080 7
1 3119 -53 54666080 7
1 3120 -53 54666080 7
1 3121 -53 54666080 7
1 3122 -53 54666080 7
1 3123 -53 54666080 7
1 3124 -53 54666080 7
1 3125 -94 54666080 7
1 3126 -94 54666080 7
1 3127 -94 54666080 7
1 3128 -93 54666080 7
1 3129 -93 54666080 7
1 3130 -94 54666080 7
1 3131 -93 54666080 7
1 3132 -52 54666080 7
1 3133 -53 54666080 7
1 3134 -53 54666080 7
1 3135 -53 54666080 7
1 3136 -53 54666080 7
1 3137 -53 54666080 7
1 3138 -53 54666080 7
1 3139 -53 54666080 7
1 3140 -53 54666080 7
1 3141 -53 54666080 7
1 3142 -53 54666080 7
1 3143 -53 54666080 7
1 3144 -53 54666080 7
1 3145 -53 54666080 7
1 3146 -79 54666080 7
1 3147 -94 54666080 7
1 3148 -94 54666080 7
1 3149 -94 54666080 7
1 3150 -94 54666080 7
1 3151 -94 54666080 7
1 3152 -94 54666080 7
1 3153 -52 54666080 7
1 3154 -52 54666080 7
1 3155 -52 54666080 7
1 3156 -52 54666080 7
1 3157 -52 54666080 7
1 3158 -52 54666080 7
1 3159 -52 54666080 7
1 3160 -53 54666080 7
1 3161 -53 54666080 7
1 3162 -52 54666080 7
1 3163 -52 54666080 7
1 3164 -52 54666080 7
1 3165 -52 54666080 7
1 3166 -52 54666080 7
1 3167 -90 54666080 7
1 3168 -94 54666080 7
1 3169 -93 54666080 7
1 3170 -94 54666080 7
1 3171 -93 54666080 7
1 3172 -93 54666080 7
1 3173 -94 54666080 7
1 3174 -53 54666080 7
1 3175 -53 54666080 7
1 3176 -53 54666080 7
1 3177 -53 54666080 7
1 3178 -53 54666080 7
1 3179 -53 54666080 7
1 3180 -53 54666080 7
1 3181 -53 54666080 7
1 3182 -53 54666080 7
1 3183 -53 54666080 7
1 3184 -53 54666080 7
1 3185 -53 54666080 7
1 3186 -53 54666080 7
1 3187 -53 54666080 7
1 3188 -94 54666080 7
1 3189 -94 54666080 7
1 3190 -93 54666080 7
1 3191 -94 54666080 7
1 3192 -94 54666080 7
1 3193 -94 54666080 7
1 3194 -94 54666080 7
1 3195 -57 54666080 7
1 3196 -53 54666080 7
1 3197 -53 54666080 7
1 3198 -53 54666080 7
1 3199 -53 54666080 7
1 3200 -53 54666080 7
1 3201 -53 54666080 7
1 3202 -53 54666080 7
1 3203 -53 54666080 7
1 3204 -53 54666080 7
1 3205 -53 54666080 7
1 3206 -53 54666080 7
1 3207 -53 54666080 7
1 3208 -53 54666080 7
1 3209 -53 54666080 7
1 3210 -94 54666080 7
1 3211 -94 54666080 7
1 3212 -94 54666080 7
1 3213 -93 54666080 7
1 3214 -94 54666080 7
1 3215 -94 54666080 7
1 3216 -53 54666080 7
1 3217 -53 54666080 7
1 3218 -53 54666080 7
1 3219 -53 54666080 7
1 3220 -53 54666080 7
1 3221 -53 54666080 7
1 3222 -53 54666080 7
1 3223 -53 54666080 7
1 3224 -53 54666080 7
1 3225 -53 54666080 7
1 3226 -53 54666080 7
1 3227 -53 54666080 7
1 3228 -53 54666080 7
1 3229 -53 54666080 7
1 3230 -84 54666080 7
1 3231 -93 54666080 7
1 3232 -94 54666080 7
1 3233 -94 54666080 7
1 3234 -94 54666080 7
1 3235 -93 54666080 7
1 3236 -94 54666080 7
1 3237 -72 54666080 7
1 3238 -53 54666080 7
1 3239 -53 54666080 7
1 3240 -53 54666080 7
1 3241 -53 54666080 7
1 3242 -53 54666080 7
1 3243 -53 54666080 7
1 3244 -53 54666080 7
1 3245 -53 54666080 7
1 3246 -53 54666080 7
1 3247 -53 54666080 7
1 3248 -53 54666080 7
1 3249 -53 54666080 7
1 3250 -53 54666080 7
1 3251 -53 54666080 7
1 3252 -94 54666080 7
1 3253 -94 54666080 7
1 3254 -94 54666080 7
1 3255 -94 54666080 7
1 3256 -93 54666080 7
1 3257 -94 54666080 7
1 3258 -72 54666080 7
1 3259 -53 54666080 7
1 3260 -53 54666080 7
1 3261 -53 54666080 7
1 3262 -53 54666080 7
1 3263 -53 54666080 7
1 3264 -53 54666080 7
1 3265 -53 54666080 7
1 3266 -53 54666080 7
1 3267 -53 54666080 7
1 3268 -53 54666080 7
1 3269 -53 54666080 7
1 3270 -53 54666080 7
1 3271 -53 54666080 7
1 3272 -53 54666080 7
1 3273 -94 54666080 7
1 3274 -93 54666080 7
1 3275 -93 54666080 7
1 3276 -94 54666080 7
1 3277 -93 54666080 7
1 3278 -93 54666080 7
1 3279 -53 54666080 7
1 3280 -53 54666080 7
1 3281 -53 54666080 7
1 3282 -53 54666080 7
1 3283 -53 54666080 7
1 3284 -53 54666080 7
1 3285 -53 54666080 7
1 3286 -53 54666080 7
1 3287 -53 54666080 7
1 3288 -53 54666080 7
1 3289 -53 54666080 7
1 3290 -53 54666080 7
1 3291 -53 54666080 7
1 3292 -53 54666080 7
1 3293 -84 54666080 7
1 3294 -94 54666080 7
1 3295 -93 54666080 7
1 3296 -94 54666080 7
1 3297 -93 54666080 7
1 3298 -94 54666080 7
1 3299 -93 54666080 7
1 3300 -77 54666080 7
1 3301 -53 54666080 7
1 3302 -53 54666080 7
1 3303 -53 54666080 7
1 3304 -53 54666080 7
1 3305 -53 54666080 7
1 3306 -53 54666080 7
1 3307 -53 54666080 7
1 3308 -53 54666080 7
1 3309 -53 54666080 7
1 3310 -53 54666080 7
1 3311 -53 54666080 7
1 3312 -53 54666080 7
1 3313 -53 54666080 7
1 3314 -53 54666080 7
1 3315 -94 54666080 7
1 3316 -94 54666080 7
1 3317 -94 54666080 7
1 3318 -93 54666080 7
1 3319 -94 54666080 7
1 3320 -94 54666080 7
1 3321 -72 54666080 7
1 3322 -53 54666080 7
1 3323 -53 54666080 7
1 3324 -53 54666080 7
1 3325 -53 54666080 7
1 3326 -53 54666080 7
1 3327 -53 54666080 7
1 3328 -53 54666080 7
1 3329 -53 54666080 7
1 3330 -53 54666080 7
1 3331 -53 54666080 7
1 3332 -53 54666080 7
1 3333 -53 54666080 7
1 3334 -53 54666080 7
1 3335 -53 54666080 7
1 3336 -94 54666080 7
1 3337 -93 54666080 7
1 3338 -93 54666080 7
1 3339 -94 54666080 7
1 3340 -93 54666080 7
1 3341 -93 54666080 7
1 3342 -72 54666080 7
1 3343 -53 54666080 7
1 3344 -53 54666080 7
1 3345 -53 54666080 7
1 3346 -53 54666080 7
1 3347 -53 54666080 7
1 3348 -53 54666080 7
1 3349 -53 54666080 7
1 3350 -53 54666080 7
1 3351 -53 54666080 7
1 3352 -53 54666080 7
1 3353 -53 54666080 7
1 3354 -53 54666080 7
1 3355 -53 54666080 7
1 3356 -53 54666080 7
1 3357 -92 54666080 7
1 3358 -91 54666080 7
1 3359 -92 54666080 7
1 3360 -94 54666080 7
1 3361 -94 54666080 7
1 3362 -94 54666080 7
1 3363 -72 54666080 7
1 3364 -53 54666080 7
1 3365 -53 54666080 7
1 3366 -53 54666080 7
1 3367 -53 54666080 7
1 3368 -53 54666080 7
1 3369 -53 54666080 7
1 3370 -53 54666080 7
1 3371 -53 54666080 7
1 3372 -53 54666080 7
1 3373 -53 54666080 7
1 3374 -53 54666080 7
1 3375 -53 54666080 7
1 3376 -53 54666080 7
1 3377 -53 54666080 7
1 3378 -93 54666080 7
1 3379 -93 54666080 7
1 3380 -93 54666080 7
1 3381 -94 54666080 7
1 3382 -94 54666080 7
1 3383 -94 54666080 7
1 3384 -56 54666080 7
1 3385 -53 54666080 7
1 3386 -53 54666080 7
1 3387 -53 54666080 7
1 3388 -53 54666080 7
1 3389 -53 54666080 7
1 3390 -53 54666080 7
1 3391 -53 54666080 7
1 3392 -53 54666080 7
1 3393 -53 54666080 7
1 3394 -53 54666080 7
1 3395 -53 54666080 7
1 3396 -53 54666080 7
1 3397 -53 54666080 7
1 3398 -53 54666080 7
1 3399 -93 54666080 7
1 3400 -93 54666080 7
1 3401 -79 54666080 7
1 3402 -93 54666080 7
1 3403 -93 54666080 7
1 3404 -93 54666080 7
1 3405 -53 54666080 7
1 3406 -53 54666080 7
1 3407 -53 54666080 7
1 3408 -53 54666080 7
1 3409 -53 54666080 7
1 3410 -53 54666080 7
1 3411 -53 54666080 7
1 3412 -53 54666080 7
1 3413 -53 54666080 7
1 3414 -53 54666080 7
1 3415 -53 54666080 7
1 3416 -53 54666080 7
1 3417 -53 54666080 7
1 3418 -53 54666080 7
1 3419 -84 54666080 7
1 3420 -94 54666080 7
1 3421 -94 54666080 7
1 3422 -94 54666080 7
1 3423 -92 54666080 7
1 3424 -94 54666080 7
1 3425 -94 54666080 7
1 3426 -71 54666080 7
1 3427 -53 54666080 7
1 3428 -53 54666080 7
1 3429 -53 54666080 7
1 3430 -53 54666080 7
1 3431 -53 54666080 7
1 3432 -53 54666080 7
1 3433 -53 54666080 7
1 3434 -53 54666080 7
1 3435 -53 54666080 7
1 3436 -53 54666080 7
1 3437 -53 54666080 7
1 3438 -53 54666080 7
1 3439 -53 54666080 7
1 3440 -53 54666080 7
1 3441 -94 54666080 7
1 3442 -94 54666080 7
1 3443 -93 54666080 7
1 3444 -94 54666080 7
1 3445 -94 54666080 7
1 3446 -94 54666080 7
1 3447 -73 54666080 7
1 3448 -53 54666080 7
1 3449 -53 54666080 7
1 3450 -53 54666080 7
1 3451 -53 54666080 7
1 3452 -53 54666080 7
1 3453 -53 54666080 7
1 3454 -53 54666080 7
1 3455 -53 54666080 7
1 3456 -53 54666080 7
1 3457 -53 54666080 7
1 3458 -53 54666080 7
1 3459 -53 54666080 7
1 3460 -53 54666080 7
1 3461 -53 54666080 7
1 3462 -94 54666080 7
1 3463 -94 54666080 7
1 3464 -94 54666080 7
1 3465 -94 54666080 7
1 3466 -94 54666080 7
1 3467 -94 54666080 7
1 3468 -53 54666080 7
1 3469 -53 54666080 7
1 3470 -53 54666080 7
1 3471 -53 54666080 7
1 3472 -53 54666080 7
1 3473 -53 54666080 7
1 3474 -53 54666080 7
1 3475 -53 54666080 7
1 3476 -53 54666080 7
1 3477 -53 54666080 7
1 3478 -53 54666080 7
1 3479 -53 54666080 7
1 3480 -53 54666080 7
1 3481 -53 54666080 7
1 3482 -88 54666080 7
1 3483 -94 54666080 7
1 3484 -94 54666080 7
1 3485 -94 54666080 7
1 3486 -94 54666080 7
1 3487 -95 54666080 7
1 3488 -94 54666080 7
1 3489 -94 54666080 7
1 3490 -94 54666080 7
1 3491 -94 54666080 7
1 3492 -94 54666080 7
1 3493 -95 54666080 7
1 3494 -93 54666080 7
1 3495 -93 54666080 7
1 3496 -94 54666080 7
1 3497 -94 54666080 7
1 3498 -94 54666080 7
1 3499 -94 54666080 7
1 3500 -93 54666080 7
1 3501 -93 54666080 7
1 3502 -93 54666080 7
1 3503 -90 54666080 7
1 3504 -93 54666080 7
1 3505 -93 54666080 7
1 3506 -92 54666080 7
1 3507 -94 54666080 7
1 3508 -93 54666080 7
1 3509 -93 54666080 7
1 3510 -94 54666080 7
1 3511 -94 54666080 7
1 3512 -94 54666080 7
1 3513 -78 54666080 7
1 3514 -81 54666080 7
1 3515 -94 54666080 7
1 3516 -93 54666080 7
1 3517 -93 54666080 7
1 3518 -94 54666080 7
1 3519 -94 54666080 7
1 3520 -94 54666080 7
1 3521 -94 54666080 7
1 3522 -94 54666080 7
1 3523 -92 54666080 7
1 3524 -91 54666080 7
1 3525 -93 54666080 7
1 3526 -94 54666080 7
1 3527 -94 54666080 7
1 3528 -93 54666080 7
1 3529 -94 54666080 7
1 3530 -94 54666080 7
1 3531 -94 54666080 7
1 3532 -92 54666080 7
1 3533 -94 54666080 7
1 3534 -93 54666080 7
1 3535 -93 54666080 7
1 3536 -94 54666080 7
1 3537 -94 54666080 7
1 3538 -94 54666080 7
1 3539 -94 54666080 7
1 3540 -93 54666080 7
1 3541 -94 54666080 7
1 3542 -93 54666080 7
1 3543 -93 54666080 7
1 3544 -93 54666080 7
1 3545 -94 54666080 7
1 3546 -92 54666080 7
1 3547 -93 54666080 7
1 3548 -94 54666080 7
1 3549 -92 54666080 7
1 3550 -94 54666080 7
1 3551 -93 54666080 7
1 3552 -93 54666080 7
1 3553 -94 54666080 7
1 3554 -93 54666080 7
1 3555 -93 54666080 7
1 3556 -92 54666080 7
1 3557 -94 54666080 7
1 3558 -93 54666080 7
1 3559 -94 54666080 7
1 3560 -95 54666080 7
1 3561 -93 54666080 7
1 3562 -94 54666080 7
1 3563 -94 54666080 7
1 3564 -94 54666080 7
1 3565 -94 54666080 7
1 3566 -93 54666080 7
1 3567 -94 54666080 7
1 3568 -94 54666080 7
1 3569 -94 54666080 7
1 3570 -94 54666080 7
1 3571 -94 54666080 7
1 3572 -94 54666080 7
1 3573 -94 54666080 7
1 3574 -93 54666080 7
1 3575 -94 54666080 7
1 3576 -93 54666080 7
1 3577 -93 54666080 7
1 3578 -94 54666080 7
1 3579 -94 54666080 7
1 3580 -94 54666080 7
1 3581 -94 54666080 7
1 3582 -94 54666080 7
1 3583 -94 54666080 7
1 3584 -94 54666080 7
