*** Noise data with 1KHz sampling by Hyungjune Lee (abbado@stanford.edu) ***

[Node Id] [Sequence No] [RSSI(dBm)]

1 1 -77
1 2 -77
1 3 -78
1 4 -78
1 5 -80
1 6 -80
1 7 -81
1 8 -80
1 9 -83
1 10 -83
1 11 -83
1 12 -82
1 13 -81
1 14 -80
1 15 -80
1 16 -79
1 17 -79
1 18 -80
1 19 -79
1 20 -80
1 21 -81
1 22 -80
1 23 -81
1 24 -82
1 25 -82
1 26 -81
1 27 -80
1 28 -77
1 29 -79
1 30 -79
1 31 -80
1 32 -80
1 33 -80
1 34 -81
1 35 -78
1 36 -78
1 37 -78
1 38 -78
1 39 -77
1 40 -78
1 41 -77
1 42 -79
1 43 -77
1 44 -78
1 45 -79
1 46 -78
1 47 -79
1 48 -80
1 49 -80
1 50 -79
1 51 -78
1 52 -81
1 53 -78
1 54 -79
1 55 -80
1 56 -80
1 57 -78
1 58 -79
1 59 -78
1 60 -79
1 61 -79
1 62 -81
1 63 -78
1 64 -79
1 65 -79
1 66 -79
1 67 -80
1 68 -80
1 69 -80
1 70 -80
1 71 -80
1 72 -81
1 73 -82
1 74 -82
1 75 -83
1 76 -85
1 77 -83
1 78 -82
1 79 -78
1 80 -78
1 81 -79
1 82 -77
1 83 -78
1 84 -80
1 85 -81
1 86 -79
1 87 -78
1 88 -84
1 89 -78
1 90 -83
1 91 -82
1 92 -79
1 93 -81
1 94 -82
1 95 -80
1 96 -79
1 97 -83
1 98 -79
1 99 -82
1 100 -83
1 101 -85
1 102 -79
1 103 -79
1 104 -79
1 105 -79
1 106 -81
1 107 -80
1 108 -80
1 109 -80
1 110 -80
1 111 -80
1 112 -81
1 113 -75
1 114 -76
1 115 -75
1 116 -75
1 117 -75
1 118 -74
1 119 -75
1 120 -74
1 121 -75
1 122 -75
1 123 -81
1 124 -82
1 125 -81
1 126 -80
1 127 -80
1 128 -80
1 129 -83
1 130 -81
1 131 -81
1 132 -78
1 133 -78
1 134 -77
1 135 -78
1 136 -74
1 137 -76
1 138 -75
1 139 -80
1 140 -79
1 141 -80
1 142 -79
1 143 -81
1 144 -79
1 145 -82
1 146 -79
1 147 -81
1 148 -80
1 149 -79
1 150 -80
1 151 -80
1 152 -80
1 153 -80
1 154 -79
1 155 -79
1 156 -79
1 157 -80
1 158 -79
1 159 -79
1 160 -80
1 161 -80
1 162 -81
1 163 -81
1 164 -81
1 165 -80
1 166 -81
1 167 -80
1 168 -81
1 169 -81
1 170 -80
1 171 -78
1 172 -79
1 173 -78
1 174 -78
1 175 -78
1 176 -79
1 177 -81
1 178 -77
1 179 -77
1 180 -77
1 181 -77
1 182 -77
1 183 -76
1 184 -77
1 185 -76
1 186 -78
1 187 -78
1 188 -78
1 189 -76
1 190 -77
1 191 -79
1 192 -81
1 193 -82
1 194 -82
1 195 -81
1 196 -80
1 197 -81
1 198 -80
1 199 -80
1 200 -80
1 201 -78
1 202 -75
1 203 -78
1 204 -78
1 205 -78
1 206 -79
1 207 -77
1 208 -78
1 209 -79
1 210 -80
1 211 -80
1 212 -80
1 213 -80
1 214 -81
1 215 -81
1 216 -81
1 217 -81
1 218 -80
1 219 -79
1 220 -76
1 221 -78
1 222 -78
1 223 -78
1 224 -76
1 225 -76
1 226 -75
1 227 -75
1 228 -75
1 229 -74
1 230 -75
1 231 -78
1 232 -78
1 233 -79
1 234 -79
1 235 -79
1 236 -78
1 237 -80
1 238 -80
1 239 -80
1 240 -80
1 241 -80
1 242 -80
1 243 -80
1 244 -80
1 245 -80
1 246 -80
1 247 -80
1 248 -77
1 249 -78
1 250 -74
1 251 -75
1 252 -75
1 253 -76
1 254 -76
1 255 -74
1 256 -76
1 257 -82
1 258 -77
1 259 -80
1 260 -80
1 261 -79
1 262 -79
1 263 -74
1 264 -75
1 265 -74
1 266 -75
1 267 -74
1 268 -75
1 269 -73
1 270 -76
1 271 -76
1 272 -76
1 273 -84
1 274 -78
1 275 -81
1 276 -81
1 277 -82
1 278 -81
1 279 -81
1 280 -81
1 281 -80
1 282 -81
1 283 -80
1 284 -81
1 285 -80
1 286 -79
1 287 -80
1 288 -81
1 289 -80
1 290 -68
1 291 -64
1 292 -63
1 293 -74
1 294 -80
1 295 -76
1 296 -75
1 297 -64
1 298 -80
1 299 -81
1 300 -80
1 301 -81
1 302 -84
1 303 -82
1 304 -80
1 305 -79
1 306 -78
1 307 -79
1 308 -79
1 309 -81
1 310 -80
1 311 -80
1 312 -81
1 313 -74
1 314 -74
1 315 -74
1 316 -74
1 317 -74
1 318 -72
1 319 -72
1 320 -75
1 321 -75
1 322 -74
1 323 -76
1 324 -75
1 325 -78
1 326 -66
1 327 -66
1 328 -66
1 329 -66
1 330 -66
1 331 -66
1 332 -66
1 333 -70
1 334 -69
1 335 -69
1 336 -69
1 337 -69
1 338 -68
1 339 -68
1 340 -69
1 341 -69
1 342 -69
1 343 -69
1 344 -69
1 345 -69
1 346 -69
1 347 -69
1 348 -67
1 349 -65
1 350 -65
1 351 -65
1 352 -65
1 353 -65
1 354 -65
1 355 -76
1 356 -65
1 357 -82
1 358 -84
1 359 -78
1 360 -82
1 361 -82
1 362 -81
1 363 -82
1 364 -74
1 365 -70
1 366 -69
1 367 -70
1 368 -70
1 369 -69
1 370 -70
1 371 -70
1 372 -77
1 373 -78
1 374 -78
1 375 -77
1 376 -77
1 377 -78
1 378 -77
1 379 -78
1 380 -79
1 381 -81
1 382 -82
1 383 -82
1 384 -84
1 385 -82
1 386 -81
1 387 -82
1 388 -81
1 389 -82
1 390 -80
1 391 -79
1 392 -80
1 393 -79
1 394 -78
1 395 -77
1 396 -79
1 397 -79
1 398 -80
1 399 -78
1 400 -78
1 401 -78
1 402 -78
1 403 -78
1 404 -76
1 405 -78
1 406 -81
1 407 -80
1 408 -81
1 409 -78
1 410 -80
1 411 -80
1 412 -78
1 413 -78
1 414 -75
1 415 -74
1 416 -74
1 417 -79
1 418 -80
1 419 -81
1 420 -81
1 421 -82
1 422 -77
1 423 -80
1 424 -81
1 425 -81
1 426 -81
1 427 -81
1 428 -82
1 429 -82
1 430 -80
1 431 -81
1 432 -81
1 433 -80
1 434 -81
1 435 -80
1 436 -80
1 437 -80
1 438 -80
1 439 -80
1 440 -80
1 441 -81
1 442 -81
1 443 -82
1 444 -81
1 445 -85
1 446 -83
1 447 -84
1 448 -84
1 449 -84
1 450 -85
1 451 -83
1 452 -83
1 453 -79
1 454 -79
1 455 -82
1 456 -82
1 457 -78
1 458 -83
1 459 -82
1 460 -78
1 461 -83
1 462 -81
1 463 -81
1 464 -83
1 465 -81
1 466 -81
1 467 -81
1 468 -82
1 469 -82
1 470 -82
1 471 -79
1 472 -82
1 473 -83
1 474 -83
1 475 -83
1 476 -82
1 477 -82
1 478 -79
1 479 -83
1 480 -82
1 481 -80
1 482 -83
1 483 -79
1 484 -81
1 485 -81
1 486 -75
1 487 -75
1 488 -75
1 489 -75
1 490 -74
1 491 -73
1 492 -74
1 493 -74
1 494 -74
1 495 -73
1 496 -80
1 497 -79
1 498 -80
1 499 -81
1 500 -78
1 501 -81
1 502 -81
1 503 -78
1 504 -80
1 505 -77
1 506 -77
1 507 -76
1 508 -77
1 509 -76
1 510 -75
1 511 -76
1 512 -77
1 513 -80
1 514 -80
1 515 -81
1 516 -84
1 517 -81
1 518 -80
1 519 -81
1 520 -81
1 521 -75
1 522 -76
1 523 -77
1 524 -76
1 525 -77
1 526 -78
1 527 -77
1 528 -76
1 529 -78
1 530 -78
1 531 -78
1 532 -77
1 533 -79
1 534 -80
1 535 -79
1 536 -83
1 537 -82
1 538 -82
1 539 -83
1 540 -81
1 541 -79
1 542 -79
1 543 -78
1 544 -79
1 545 -79
1 546 -79
1 547 -80
1 548 -80
1 549 -77
1 550 -79
1 551 -80
1 552 -81
1 553 -77
1 554 -79
1 555 -79
1 556 -78
1 557 -76
1 558 -78
1 559 -75
1 560 -77
1 561 -77
1 562 -78
1 563 -78
1 564 -78
1 565 -79
1 566 -78
1 567 -78
1 568 -79
1 569 -78
1 570 -78
1 571 -77
1 572 -76
1 573 -79
1 574 -79
1 575 -78
1 576 -79
1 577 -80
1 578 -81
1 579 -81
1 580 -81
1 581 -82
1 582 -82
1 583 -82
1 584 -83
1 585 -81
1 586 -79
1 587 -82
1 588 -78
1 589 -80
1 590 -75
1 591 -74
1 592 -75
1 593 -79
1 594 -81
1 595 -80
1 596 -80
1 597 -83
1 598 -77
1 599 -78
1 600 -80
1 601 -79
1 602 -78
1 603 -75
1 604 -74
1 605 -75
1 606 -75
1 607 -76
1 608 -76
1 609 -76
1 610 -75
1 611 -76
1 612 -76
1 613 -78
1 614 -81
1 615 -81
1 616 -81
1 617 -81
1 618 -81
1 619 -76
1 620 -80
1 621 -80
1 622 -82
1 623 -80
1 624 -77
1 625 -80
1 626 -79
1 627 -79
1 628 -79
1 629 -80
1 630 -78
1 631 -79
1 632 -79
1 633 -79
1 634 -79
1 635 -80
1 636 -81
1 637 -79
1 638 -80
1 639 -82
1 640 -83
1 641 -82
1 642 -78
1 643 -83
1 644 -80
1 645 -79
1 646 -80
1 647 -79
1 648 -80
1 649 -80
1 650 -81
1 651 -81
1 652 -81
1 653 -74
1 654 -74
1 655 -74
1 656 -75
1 657 -75
1 658 -72
1 659 -71
1 660 -74
1 661 -75
1 662 -75
1 663 -76
1 664 -76
1 665 -80
1 666 -65
1 667 -65
1 668 -65
1 669 -65
1 670 -64
1 671 -65
1 672 -65
1 673 -67
1 674 -65
1 675 -65
1 676 -65
1 677 -64
1 678 -65
1 679 -64
1 680 -65
1 681 -79
1 682 -69
1 683 -68
1 684 -69
1 685 -69
1 686 -68
1 687 -68
1 688 -68
1 689 -70
1 690 -69
1 691 -69
1 692 -69
1 693 -69
1 694 -69
1 695 -69
1 696 -82
1 697 -79
1 698 -82
1 699 -83
1 700 -80
1 701 -82
1 702 -83
1 703 -84
1 704 -75
1 705 -75
1 706 -74
1 707 -73
1 708 -74
1 709 -74
1 710 -73
1 711 -76
1 712 -77
1 713 -78
1 714 -77
1 715 -78
1 716 -78
1 717 -78
1 718 -78
1 719 -80
1 720 -80
1 721 -80
1 722 -83
1 723 -83
1 724 -83
1 725 -81
1 726 -81
1 727 -81
1 728 -81
1 729 -82
1 730 -81
1 731 -80
1 732 -79
1 733 -78
1 734 -80
1 735 -82
1 736 -81
1 737 -82
1 738 -81
1 739 -78
1 740 -78
1 741 -76
1 742 -78
1 743 -78
1 744 -79
1 745 -78
1 746 -81
1 747 -81
1 748 -81
1 749 -80
1 750 -78
1 751 -78
1 752 -79
1 753 -78
1 754 -79
1 755 -78
1 756 -78
1 757 -78
1 758 -78
1 759 -80
1 760 -80
1 761 -81
1 762 -81
1 763 -80
1 764 -80
1 765 -79
1 766 -80
1 767 -80
1 768 -80
1 769 -80
1 770 -80
1 771 -80
1 772 -81
1 773 -77
1 774 -81
1 775 -82
1 776 -80
1 777 -81
1 778 -80
1 779 -80
1 780 -81
1 781 -81
1 782 -80
1 783 -80
1 784 -82
1 785 -82
1 786 -82
1 787 -81
1 788 -82
1 789 -82
1 790 -82
1 791 -82
1 792 -82
1 793 -77
1 794 -80
1 795 -79
1 796 -79
1 797 -79
1 798 -76
1 799 -80
1 800 -80
1 801 -79
1 802 -83
1 803 -83
1 804 -77
1 805 -81
1 806 -80
1 807 -80
1 808 -82
1 809 -82
1 810 -83
1 811 -79
1 812 -80
1 813 -83
1 814 -82
1 815 -82
1 816 -81
1 817 -82
1 818 -80
1 819 -76
1 820 -80
1 821 -79
1 822 -79
1 823 -80
1 824 -81
1 825 -78
1 826 -82
1 827 -78
1 828 -83
1 829 -83
1 830 -84
1 831 -82
1 832 -81
1 833 -81
1 834 -82
1 835 -75
1 836 -75
1 837 -75
1 838 -75
1 839 -75
1 840 -75
1 841 -75
1 842 -75
1 843 -75
1 844 -75
1 845 -77
1 846 -77
1 847 -77
1 848 -77
1 849 -75
1 850 -77
1 851 -75
1 852 -82
1 853 -82
1 854 -83
1 855 -82
1 856 -83
1 857 -82
1 858 -84
1 859 -82
1 860 -83
1 861 -83
1 862 -81
1 863 -81
1 864 -81
1 865 -81
1 866 -80
1 867 -79
1 868 -80
1 869 -78
1 870 -80
1 871 -80
1 872 -79
1 873 -80
1 874 -80
1 875 -81
1 876 -81
1 877 -81
1 878 -81
1 879 -81
1 880 -81
1 881 -80
1 882 -81
1 883 -80
1 884 -79
1 885 -79
1 886 -79
1 887 -79
1 888 -79
1 889 -78
1 890 -79
1 891 -75
1 892 -76
1 893 -75
1 894 -75
1 895 -75
1 896 -75
1 897 -75
1 898 -75
1 899 -78
1 900 -78
1 901 -78
1 902 -79
1 903 -79
1 904 -79
1 905 -79
1 906 -79
1 907 -80
1 908 -79
1 909 -79
1 910 -79
1 911 -81
1 912 -81
1 913 -80
1 914 -75
1 915 -75
1 916 -75
1 917 -75
1 918 -75
1 919 -76
1 920 -78
1 921 -77
1 922 -75
1 923 -77
1 924 -76
1 925 -77
1 926 -77
1 927 -76
1 928 -78
1 929 -79
1 930 -77
1 931 -78
1 932 -78
1 933 -79
1 934 -77
1 935 -77
1 936 -77
1 937 -78
1 938 -78
1 939 -77
1 940 -77
1 941 -77
1 942 -78
1 943 -77
1 944 -78
1 945 -78
1 946 -77
1 947 -77
1 948 -77
1 949 -77
1 950 -78
1 951 -76
1 952 -79
1 953 -76
1 954 -79
1 955 -79
1 956 -79
1 957 -79
1 958 -79
1 959 -79
1 960 -79
1 961 -77
1 962 -74
1 963 -75
1 964 -74
1 965 -74
1 966 -76
1 967 -74
1 968 -75
1 969 -75
1 970 -82
1 971 -82
1 972 -78
1 973 -79
1 974 -82
1 975 -82
1 976 -75
1 977 -75
1 978 -74
1 979 -75
1 980 -75
1 981 -74
1 982 -75
1 983 -75
1 984 -77
1 985 -74
1 986 -80
1 987 -80
1 988 -82
1 989 -81
1 990 -81
1 991 -81
1 992 -80
1 993 -80
1 994 -79
1 995 -78
1 996 -78
1 997 -78
1 998 -77
1 999 -78
1 1000 -77
1 1001 -78
1 1002 -78
1 1003 -75
1 1004 -78
1 1005 -78
1 1006 -78
1 1007 -78
1 1008 -79
1 1009 -78
1 1010 -80
1 1011 -80
1 1012 -81
1 1013 -78
1 1014 -78
1 1015 -81
1 1016 -77
1 1017 -82
1 1018 -81
1 1019 -80
1 1020 -81
1 1021 -81
1 1022 -81
1 1023 -80
1 1024 -79
1 1025 -76
1 1026 -74
1 1027 -75
1 1028 -74
1 1029 -66
1 1030 -66
1 1031 -66
1 1032 -66
1 1033 -69
1 1034 -69
1 1035 -71
1 1036 -83
1 1037 -78
1 1038 -77
1 1039 -80
1 1040 -82
1 1041 -82
1 1042 -79
1 1043 -79
1 1044 -72
1 1045 -69
1 1046 -68
1 1047 -69
1 1048 -69
1 1049 -68
1 1050 -69
1 1051 -76
1 1052 -78
1 1053 -77
1 1054 -78
1 1055 -77
1 1056 -77
1 1057 -78
1 1058 -79
1 1059 -80
1 1060 -81
1 1061 -80
1 1062 -83
1 1063 -83
1 1064 -82
1 1065 -81
1 1066 -81
1 1067 -81
1 1068 -79
1 1069 -80
1 1070 -80
1 1071 -79
1 1072 -80
1 1073 -80
1 1074 -80
1 1075 -79
1 1076 -82
1 1077 -81
1 1078 -80
1 1079 -80
1 1080 -80
1 1081 -82
1 1082 -76
1 1083 -77
1 1084 -77
1 1085 -77
1 1086 -78
1 1087 -78
1 1088 -77
1 1089 -80
1 1090 -82
1 1091 -82
1 1092 -78
1 1093 -79
1 1094 -78
1 1095 -77
1 1096 -80
1 1097 -74
1 1098 -80
1 1099 -85
1 1100 -83
1 1101 -79
1 1102 -84
1 1103 -83
1 1104 -81
1 1105 -81
1 1106 -81
1 1107 -75
1 1108 -79
1 1109 -79
1 1110 -79
1 1111 -79
1 1112 -80
1 1113 -77
1 1114 -79
1 1115 -78
1 1116 -79
1 1117 -79
1 1118 -77
1 1119 -80
1 1120 -80
1 1121 -81
1 1122 -81
1 1123 -80
1 1124 -82
1 1125 -83
1 1126 -83
1 1127 -84
1 1128 -82
1 1129 -82
1 1130 -84
1 1131 -72
1 1132 -81
1 1133 -80
1 1134 -79
1 1135 -78
1 1136 -79
1 1137 -78
1 1138 -78
1 1139 -80
1 1140 -78
1 1141 -81
1 1142 -81
1 1143 -77
1 1144 -82
1 1145 -77
1 1146 -81
1 1147 -83
1 1148 -82
1 1149 -81
1 1150 -82
1 1151 -83
1 1152 -83
1 1153 -83
1 1154 -82
1 1155 -80
1 1156 -79
1 1157 -80
1 1158 -79
1 1159 -80
1 1160 -79
1 1161 -76
1 1162 -78
1 1163 -79
1 1164 -79
1 1165 -81
1 1166 -75
1 1167 -74
1 1168 -75
1 1169 -74
1 1170 -75
1 1171 -75
1 1172 -75
1 1173 -75
1 1174 -67
1 1175 -67
1 1176 -67
1 1177 -67
1 1178 -80
1 1179 -67
1 1180 -70
1 1181 -82
1 1182 -82
1 1183 -80
1 1184 -81
1 1185 -77
1 1186 -69
1 1187 -77
1 1188 -77
1 1189 -76
1 1190 -74
1 1191 -76
1 1192 -82
1 1193 -81
1 1194 -81
1 1195 -82
1 1196 -83
1 1197 -82
1 1198 -80
1 1199 -82
1 1200 -82
1 1201 -81
1 1202 -81
1 1203 -82
1 1204 -81
1 1205 -79
1 1206 -80
1 1207 -80
1 1208 -78
1 1209 -79
1 1210 -79
1 1211 -68
1 1212 -68
1 1213 -68
1 1214 -68
1 1215 -79
1 1216 -69
1 1217 -68
1 1218 -68
1 1219 -68
1 1220 -72
1 1221 -68
1 1222 -68
1 1223 -68
1 1224 -69
1 1225 -73
1 1226 -80
1 1227 -73
1 1228 -77
1 1229 -73
1 1230 -78
1 1231 -76
1 1232 -77
1 1233 -73
1 1234 -76
1 1235 -75
1 1236 -75
1 1237 -72
1 1238 -77
1 1239 -77
1 1240 -77
1 1241 -75
1 1242 -76
1 1243 -77
1 1244 -77
1 1245 -75
1 1246 -79
1 1247 -79
1 1248 -81
1 1249 -81
1 1250 -79
1 1251 -78
1 1252 -77
1 1253 -80
1 1254 -75
1 1255 -75
1 1256 -75
1 1257 -75
1 1258 -76
1 1259 -75
1 1260 -77
1 1261 -78
1 1262 -79
1 1263 -78
1 1264 -79
1 1265 -79
1 1266 -78
1 1267 -78
1 1268 -81
1 1269 -80
1 1270 -80
1 1271 -80
1 1272 -79
1 1273 -78
1 1274 -79
1 1275 -79
1 1276 -79
1 1277 -78
1 1278 -80
1 1279 -79
1 1280 -78
1 1281 -73
1 1282 -77
1 1283 -76
1 1284 -77
1 1285 -70
1 1286 -78
1 1287 -69
1 1288 -77
1 1289 -70
1 1290 -79
1 1291 -77
1 1292 -80
1 1293 -80
1 1294 -80
1 1295 -80
1 1296 -81
1 1297 -82
1 1298 -82
1 1299 -79
1 1300 -72
1 1301 -71
1 1302 -78
1 1303 -73
1 1304 -74
1 1305 -75
1 1306 -79
1 1307 -77
1 1308 -77
1 1309 -74
1 1310 -77
1 1311 -80
1 1312 -80
1 1313 -80
1 1314 -78
1 1315 -76
1 1316 -75
1 1317 -73
1 1318 -76
1 1319 -75
1 1320 -75
1 1321 -75
1 1322 -75
1 1323 -75
1 1324 -75
1 1325 -75
1 1326 -81
1 1327 -81
1 1328 -81
1 1329 -82
1 1330 -83
1 1331 -82
1 1332 -82
1 1333 -82
1 1334 -81
1 1335 -82
1 1336 -81
1 1337 -81
1 1338 -81
1 1339 -81
1 1340 -80
1 1341 -81
1 1342 -80
1 1343 -80
1 1344 -80
1 1345 -80
1 1346 -80
1 1347 -81
1 1348 -70
1 1349 -73
1 1350 -72
1 1351 -81
1 1352 -77
1 1353 -81
1 1354 -80
1 1355 -80
1 1356 -77
1 1357 -82
1 1358 -81
1 1359 -81
1 1360 -81
1 1361 -81
1 1362 -78
1 1363 -80
1 1364 -79
1 1365 -77
1 1366 -77
1 1367 -71
1 1368 -76
1 1369 -77
1 1370 -77
1 1371 -75
1 1372 -74
1 1373 -76
1 1374 -75
1 1375 -75
1 1376 -76
1 1377 -76
1 1378 -72
1 1379 -65
1 1380 -65
1 1381 -65
1 1382 -65
1 1383 -65
1 1384 -65
1 1385 -65
1 1386 -68
1 1387 -69
1 1388 -69
1 1389 -69
1 1390 -69
1 1391 -69
1 1392 -69
1 1393 -70
1 1394 -69
1 1395 -68
1 1396 -68
1 1397 -68
1 1398 -69
1 1399 -68
1 1400 -69
1 1401 -78
1 1402 -71
1 1403 -65
1 1404 -65
1 1405 -65
1 1406 -65
1 1407 -65
1 1408 -65
1 1409 -83
1 1410 -84
1 1411 -83
1 1412 -81
1 1413 -80
1 1414 -83
1 1415 -78
1 1416 -83
1 1417 -67
1 1418 -67
1 1419 -67
1 1420 -67
1 1421 -67
1 1422 -67
1 1423 -66
1 1424 -76
1 1425 -79
1 1426 -78
1 1427 -77
1 1428 -78
1 1429 -78
1 1430 -78
1 1431 -79
1 1432 -80
1 1433 -81
1 1434 -83
1 1435 -84
1 1436 -80
1 1437 -82
1 1438 -81
1 1439 -81
1 1440 -80
1 1441 -80
1 1442 -80
1 1443 -79
1 1444 -78
1 1445 -78
1 1446 -79
1 1447 -81
1 1448 -82
1 1449 -80
1 1450 -81
1 1451 -78
1 1452 -78
1 1453 -77
1 1454 -78
1 1455 -78
1 1456 -78
1 1457 -77
1 1458 -80
1 1459 -78
1 1460 -81
1 1461 -80
1 1462 -79
1 1463 -79
1 1464 -79
1 1465 -78
1 1466 -79
1 1467 -79
1 1468 -81
1 1469 -80
1 1470 -79
1 1471 -77
1 1472 -80
1 1473 -78
1 1474 -79
1 1475 -82
1 1476 -81
1 1477 -81
1 1478 -79
1 1479 -79
1 1480 -79
1 1481 -79
1 1482 -80
1 1483 -80
1 1484 -77
1 1485 -73
1 1486 -80
1 1487 -78
1 1488 -82
1 1489 -80
1 1490 -79
1 1491 -78
1 1492 -78
1 1493 -80
1 1494 -80
1 1495 -78
1 1496 -77
1 1497 -80
1 1498 -80
1 1499 -82
1 1500 -78
1 1501 -81
1 1502 -82
1 1503 -81
1 1504 -82
1 1505 -80
1 1506 -81
1 1507 -80
1 1508 -79
1 1509 -79
1 1510 -79
1 1511 -80
1 1512 -75
1 1513 -82
1 1514 -80
1 1515 -78
1 1516 -82
1 1517 -80
1 1518 -80
1 1519 -82
1 1520 -82
1 1521 -83
1 1522 -82
1 1523 -82
1 1524 -82
1 1525 -83
1 1526 -83
1 1527 -81
1 1528 -80
1 1529 -78
1 1530 -79
1 1531 -80
1 1532 -80
1 1533 -80
1 1534 -80
1 1535 -80
1 1536 -80
